episode,length,time,reward,delta
0,3.0,0.0003772996751649771,-1.2,-1.000132126828443
1,3.0,0.00047850061673671007,-1.1,-1.0000532578658017
2,10.0,0.0008064339817792643,-1.7999999999999998,-1.000192375478647
3,12.0,0.0008628526247775881,-1.7,-0.9098943241341859
4,9.0,0.0007069961229717592,-1.7999999999999998,-0.9998724449879878
5,19.0,0.001200659251480829,-2.3,-0.9099800753728714
6,15.0,0.003792038060055347,-2.0,-0.9099119901638406
7,22.0,0.001417518411471974,-2.5,-0.819915972423337
8,13.0,0.0009524172219244065,-1.9,-0.08199159724233374
9,18.0,0.0014065873001527507,-2.3,-0.7864016607283543
10,8.0,0.0006830182010162389,-1.7,-0.860345406760894
11,2.0,0.0003783575266425032,-1.1,-0.7745695582247196
12,10.0,0.0008737837360968115,-1.6,-0.9009130195889575
13,2.0,0.000204870199013385,-1.1,-0.07745695582247192
14,9.0,0.0006174315276439302,-1.6,-0.09998724449879881
15,15.0,0.0011192048350494588,-2.0,-1.0005692939247128
16,16.0,0.001060317876181216,-1.9,-0.774651798135191
17,9.0,0.000759535985707771,-1.6,-0.009998724449879925
18,4.0,0.000384352008040878,-1.4,-0.10016130193468242
19,17.0,0.0011653975998342503,-2.7,-0.9997381600645094
20,13.0,0.0010000204511015909,-2.3,-0.9963706018837969
21,6.0,0.0004954262112732977,-1.6,-0.8519352656461352
22,11.0,0.0035363910828891676,-1.9,-0.0900913019588957
23,10.0,0.0007041751905489946,-1.4,-0.7793074579655139
24,19.0,0.0013924826380389277,-2.4000000000000004,-0.8557665771573053
25,4.0,0.0004231398252159124,-1.1,-0.8928440064658422
26,8.0,0.0006301257235463709,-1.7,-0.9947074629214703
27,3.0,0.0003628424001362873,-1.3,-1.000052860118723
28,2.0,0.000591337904552347,-1.1,-0.7828445030499436
29,16.0,0.0010331664052500855,-2.0,-0.07828445030499431
30,4.0,0.0003141813194815768,-1.1,-0.8861169920738601
31,23.0,0.001483810317949974,-2.6000000000000005,-0.7858988970976358
32,9.0,0.0006110844296927098,-1.6,-1.000102377099751
33,32.0,0.005289247805194464,-3.1000000000000005,-0.009009130195889559
34,4.0,0.0004333657034294447,-1.3,-0.9072671405794105
35,18.0,0.0012271054911252577,-2.3,-0.0009998724449880037
36,3.0,0.00038082584251242224,-1.3,-0.8477841527046784
37,16.0,0.002282839352119481,-1.7,-0.9860234604851252
38,4.0,0.0004358340192993637,-1.3,-0.7819088715931534
39,9.0,0.0007133432209229795,-1.7999999999999998,-0.7705125352343258
40,21.0,0.001323017184404307,-3.1000000000000005,-1.0006964427296783
41,38.0,0.002543422961025499,-4.500000000000002,-0.7758405334454365
42,7.0,0.0010426870503579266,-1.7,-0.07705125352343256
43,2.0,0.0003071289902436547,-1.2,-0.8326087200862939
44,31.0,0.0021555447892751545,-3.0000000000000004,-0.9842402439248449
45,5.0,0.0004904895795334596,-1.4,-0.07768842588675484
46,25.0,0.0018314902063139016,-3.400000000000001,-0.8683317925846201
47,61.0,0.00469121018795704,-6.999999999999995,-0.8483925669344187
48,7.0,0.002058575244518579,-1.6,-0.007705125352343245
49,13.0,0.0009725163636176148,-1.9,-0.8566224543116635
50,20.0,0.0013706204154004809,-2.5,-0.9997459143443217
51,28.0,0.0019457379603409208,-2.7,-1.0003662226586054
52,4.0,0.001479226304581971,-1.3,-0.8373748911798204
53,11.0,0.000934081162995426,-1.7,-0.9956546143076385
54,5.0,0.0004432389650901314,-1.3,-0.974702006984075
55,6.0,0.0005165832026250428,-1.5,-0.8533648058126657
56,4.0,0.00032193888364417944,-1.4,-0.08373748911798207
57,7.0,0.0004904895795334596,-1.7,-0.09956546143076384
58,11.0,0.0008723732717044186,-2.0999999999999996,-0.8353751975090038
59,10.0,0.0006844286672276212,-1.7999999999999998,-0.8354241024429069
60,7.0,0.0005934536038694205,-1.5,-0.7535165031693666
61,22.0,0.0016400194363086484,-2.4000000000000004,-0.010016130193468253
62,9.0,0.0007397894605674082,-1.9,-0.8456477220548932
63,1.0,0.00023801614952390082,-1.1,-0.09747020069840762
64,51.0,0.003124534985545324,-5.5,-0.8364577971569185
65,3.0,0.00033569092738616746,-1.3,-0.0845647722054893
66,13.0,0.0010158881959796418,-1.9,-0.9555659152984303
67,2.0,0.0002284955062350491,-1.2,-0.8481907890649578
68,17.0,0.0012140586786699714,-2.2,-0.8426258232672512
69,40.0,0.0027891966747120023,-4.900000000000002,-1.0000884500896938
70,12.0,0.0009157451022474561,-1.1,-0.8978464215254355
71,5.0,0.0004584014750435017,-1.1,-0.08426258232672512
72,30.0,0.0020811427039006958,-3.600000000000001,-1.0005142055691738
73,3.0,0.0003381592432560865,-1.3,-0.0010016130193468697
74,3.0,0.00026869378780247644,-1.3,-0.07535165031693669
75,11.0,0.0008914145619201008,-1.7999999999999998,-0.0075351650316937135
76,21.0,0.0014503117490676232,-2.9000000000000004,-0.7631358344452297
77,1.0,0.00020451758246053942,-1.1,-0.8686949472141264
78,18.0,0.002723610003158683,-2.5,-0.761258728235048
79,2.0,0.00030889207118889317,-1.1,-0.08686949472141259
80,30.0,0.0022694399249303387,-3.1000000000000005,-0.9862039835146906
81,22.0,0.0014020032849657582,-3.2000000000000006,-1.0005976282696467
82,51.0,0.005629875364320469,-5.6,-0.9804516480719483
83,2.0,0.00022602718854614068,-1.1,-0.09804516480719483
84,9.0,0.0006689135389024159,-1.7999999999999998,-0.8988893953399797
85,17.0,0.0013674468664248707,-2.5,-0.828189755340375
86,5.0,0.00045064391269988846,-1.5,-0.08281897553403739
87,11.0,0.000977805610091309,-1.5,-0.8523999972954882
88,3.0,0.0003857624724332709,-1.3,-0.8578323424872379
89,9.0,0.0006717344713251805,-1.5,-0.8414313861347328
90,16.0,0.0010395135013823165,-2.6000000000000005,-0.00980451648071945
91,4.0,0.0004132665617362363,-1.3,-0.8996105042984288
92,3.0,0.00038928863796172664,-1.3,-0.0009804516480719228
93,9.0,0.001147414155639126,-1.4,-9.804516480715897e-05
94,4.0,0.00041150347897200845,-1.3,-0.7775523787287523
95,23.0,0.0016784546369308373,-2.4000000000000004,-0.8275285621633811
96,16.0,0.0012249897918081842,-2.0,-0.8605026537154684
97,51.0,0.003506771296088118,-5.6,-0.999764070169963
98,22.0,0.0014859260172670474,-3.0000000000000004,-0.999821380585113
99,2.0,0.00020557543030008674,-1.1,-0.9451387938543081
100,8.0,0.00072286386784981,-1.7,-0.8635296101631503
101,1.0,0.00020275449969631154,-1.1,-0.8777331801699146
102,30.0,0.0019834679278574185,-3.500000000000001,-0.10003662226586052
103,3.0,0.00033004906254063826,-1.1,-0.7651583915473088
104,23.0,0.0026410977388877654,-2.2,-0.8264351153006725
105,3.0,0.0003466220387053909,-1.3,-0.8542547080416838
106,34.0,0.002389329541983898,-4.200000000000001,-0.9099117412115214
107,17.0,0.001094521678169258,-2.0999999999999996,-0.9098714060289258
108,44.0,0.006111196913479944,-3.400000000000001,-0.9996530097419124
109,3.0,0.00034697465707722586,-1.3,-0.0827528562163381
110,15.0,0.0010751277695817407,-2.4000000000000004,-0.07651583915473081
111,9.0,0.0007919767049315851,-1.7999999999999998,-0.8486272009112034
112,7.0,0.0005754701614932856,-1.7,-0.8304261441339307
113,20.0,0.0013244276506156893,-3.0000000000000004,-0.777670924540041
114,11.0,0.0008191281758627156,-1.6,-0.8326694368423885
115,21.0,0.0013099703737680102,-2.6000000000000005,-0.7852125475402266
116,3.0,0.0003208810339856427,-1.3,-0.08326694368423881
117,29.0,0.001953495522684534,-3.0000000000000004,-0.8380016899722336
118,14.0,0.0009890893397823675,-2.2,-0.08486272009112028
119,7.0,0.0006177841441967757,-1.3,-0.008275285621633821
120,9.0,0.000802555199697963,-1.6,-0.7547616244491134
121,15.0,0.0010828853337443434,-2.0,-0.07547616244491129
122,15.0,0.0011953700050071348,-1.7,-0.9498297951507764
123,20.0,0.002194332606450189,-2.4000000000000004,-0.8582258860770673
124,6.0,0.0004957788278261432,-1.4,-0.9837530302227346
125,10.0,0.0021862224257347407,-1.9,-0.09837530302227349
126,3.0,0.0003279333632235648,-1.1,-0.7698301359112636
127,49.0,0.0032059894019766944,-4.300000000000002,-0.7670646895466865
128,1.0,0.00023448998763342388,-1.1,-0.8341901637449787
129,16.0,0.002354067890337319,-1.7999999999999998,-0.007547616244491184
130,45.0,0.0031136038742261007,-4.300000000000002,-0.009837530302227337
131,24.0,0.0015568019371130504,-2.5,-0.0898889395339979
132,14.0,0.0009005825941130752,-2.2,-0.9100500389467636
133,3.0,0.0002549417440604884,-1.2,-0.8468187431980625
134,5.0,0.0004961314443789888,-1.3,-0.008884521411188562
135,3.0,0.0003025449750566622,-1.3,-0.07681084149687978
136,18.0,0.00139389310425031,-2.6000000000000005,-0.8343516468149086
137,17.0,0.0011703342315740883,-2.4000000000000004,-0.09090403309031259
138,1.0,0.00023625306857866235,-1.1,-0.8871383783164944
139,46.0,0.00405297428551421,-4.900000000000002,-1.0002570616210458
140,19.0,0.0012066537310602143,-2.3,-0.7533660781341253
141,17.0,0.0011251993164478336,-2.2,-0.07533660781341256
142,25.0,0.0017133636720245704,-1.7999999999999998,-0.9980016738108305
143,17.0,0.0012200531600683462,-2.0999999999999996,-0.8997086110826423
144,29.0,0.0020959525973012205,-3.700000000000001,-1.000499114175366
145,5.0,0.0019284597492514877,-1.5,-0.08343516468149081
146,12.0,0.0009552381525281817,-1.7,-0.8606620869490611
147,30.0,0.002116051738994429,-3.400000000000001,-1.0001506792299506
148,28.0,0.001831137589761056,-3.800000000000001,-0.7597705762493107
149,40.0,0.0026812960204551928,-4.100000000000001,-0.8472487427458067
150,1.0,0.00018864983758248854,-1.1,-0.9920843052982461
151,11.0,0.0008727258882572642,-1.5,-0.09920843052982464
152,22.0,0.0028861662176495884,-2.3,-0.8959710515028246
153,73.0,0.005840034809807548,-6.1999999999999975,-0.839614133332842
154,13.0,0.0009055192240339238,-1.5,-0.9836203031911113
155,1.0,0.00013716782632400282,-1.1,-0.9006816502786877
156,35.0,0.0055903823140397435,-3.800000000000001,-0.8333497929496534
157,1.0,0.00015021463696029969,-1.1,-0.09836203031911106
158,69.0,0.004766670121171046,-6.1999999999999975,-0.8601491753940081
159,21.0,0.0025004037452163175,-2.3,-0.851652086552185
160,25.0,0.0017909393063746393,-2.6000000000000005,-0.8536954103719872
161,5.0,0.00038787817175034434,-1.3,-0.8972486003296041
162,21.0,0.0013981245028844569,-3.0000000000000004,-0.0838001689972232
163,14.0,0.0010691332900023554,-2.2,-0.8465720128288325
164,32.0,0.002804359186484362,-3.9000000000000012,-0.999852689696247
165,17.0,0.00118056011160661,-2.7,-0.8733958515590888
166,11.0,0.0008081970645434922,-2.0,-0.9996901768409722
167,13.0,0.0009855631742539117,-2.3,-0.08605026537154681
168,8.0,0.0007757563453196781,-1.5,-0.007681084149687933
169,17.0,0.0021185200530453585,-1.6,-0.8259280434549281
170,11.0,0.0007895083890616661,-1.9,-0.008380016899722342
171,29.0,0.0034718622591753956,-3.2000000000000006,-0.8346769592254176
172,11.0,0.0008127810797304846,-2.0,-0.8395308083210429
173,7.0,0.0005652442832797533,-1.2,-0.9960635332672219
174,28.0,0.002233473040178069,-3.0000000000000004,-0.8425289979915989
175,6.0,0.0006213103079062421,-1.5,-0.08346769592254177
176,15.0,0.0011601083515415667,-2.3,-0.08396141333328422
177,4.0,0.0004781480001838645,-1.4,-0.0008380016899722786
178,17.0,0.0011167365191795398,-2.7,-0.8375755558321905
179,2.0,0.00019817048450931907,-1.1,-0.09960635332672219
180,22.0,0.00420318892247451,-2.8000000000000007,-0.08601491753940083
181,20.0,0.001316670088272076,-2.3,-0.8328352554038109
182,15.0,0.001067017590685282,-2.5,-0.7508740364246078
183,10.0,0.0009481858232902596,-1.4,-0.8942922412660902
184,32.0,0.004490218771024956,-3.800000000000001,-8.380016899722786e-05
185,27.0,0.0018575838294054847,-3.3000000000000007,-0.8383169966993582
186,5.0,0.0003857624724332709,-1.3,-0.7609020402134309
187,34.0,0.0037715863018092932,-2.8000000000000007,-0.8748751816443237
188,6.0,0.0005197567497816635,-1.3,-0.08748751816443234
189,7.0,0.000743315626095864,-1.2,-0.849710766518867
190,39.0,0.002616414580188575,-4.400000000000002,-0.8440348655252982
191,4.0,0.00037059996247990057,-1.4,-0.7561807403361251
192,2.0,0.00029514002744690515,-1.2,-0.8551139309156727
193,17.0,0.0011780917939177016,-2.0999999999999996,-0.9731955328109009
194,23.0,0.0027803812645288417,-3.0000000000000004,-0.8365719757961512
195,9.0,0.0006209576913533965,-1.4,-0.763067560277935
196,23.0,0.0016188624449569033,-3.2000000000000006,-0.8189428229428064
197,3.0,0.0003138287047477206,-1.1,-0.7652559631501648
198,6.0,0.0005737070787290577,-1.3,-0.0973195532810901
199,12.0,0.001235215671840706,-2.0999999999999996,-0.8991027432364623
200,8.0,0.001693264530331362,-1.7,-0.0007681084149687711
201,9.0,0.0007200429354270454,-1.9,-0.0832835255403811
202,1.0,0.00019288123621663544,-1.1,-0.07652559631501643
203,57.0,0.0034651625446713297,-5.799999999999999,-0.7513313428459818
204,17.0,0.002954573825263651,-2.0999999999999996,-0.008328352554038077
205,7.0,0.0006170789110910846,-1.5,-0.8536746340203515
206,8.0,0.0005962745362921851,-1.6,-8.380016899733889e-06
207,24.0,0.0018840300690499134,-3.400000000000001,-0.8332874892817936
208,6.0,0.0005060047078586649,-1.4,-0.8362624018428829
209,19.0,0.002071974673526711,-2.0999999999999996,-0.7586892883509674
210,8.0,0.0006188419938553125,-1.7999999999999998,-0.8462533450605003
211,10.0,0.0006713818547723349,-1.9,-0.7805007260934599
212,25.0,0.0015377606450783787,-2.8000000000000007,-0.07586892883509677
213,66.0,0.0057102719310933026,-5.699999999999999,-0.8424621743814075
214,10.0,0.0008261805069196271,-1.7,-0.8385307345706151
215,8.0,0.0006752606368536362,-1.7999999999999998,-0.7535482194281243
216,3.0,0.00033745400833140593,-1.3,-0.08424621743814076
217,7.0,0.00066221382439835,-1.6,-1.0005744784008557
218,6.0,0.0006202524600666948,-1.5,-0.0838530734570615
219,5.0,0.0004358340192993637,-1.5,-0.903302267214269
220,2.0,0.0002835036830219906,-1.1,-0.8581402837285058
221,13.0,0.000977805610091309,-2.0999999999999996,-0.8328708365285347
222,18.0,0.0014189288776833564,-1.6,-0.008424621743814087
223,10.0,0.0008381694678973872,-1.9,-7.681084149691042e-05
224,2.0,0.00040868254654924385,-1.1,-0.7534698242239852
225,10.0,0.0008533319796697469,-2.0,-8.380016899289799e-07
226,3.0,0.0005042416232754476,-1.3,-0.8554649314405136
227,12.0,0.0013685047160834074,-2.0999999999999996,-0.8358842575312012
228,25.0,0.001914355088956654,-2.8000000000000007,-0.7589671725530417
229,3.0,0.00026728332341008354,-1.2,-0.98840408895171
230,4.0,0.00032052841743279714,-1.3,-0.8358602705137654
231,11.0,0.0009696954311948502,-1.7,-0.7635294525812804
232,4.0,0.0003240545829612529,-1.3,-0.7718612042426104
233,1.0,0.00019711263485078234,-1.1,-0.09884040889517098
234,62.0,0.004295221833672258,-6.899999999999995,-0.8335098705950874
235,49.0,0.00369436328401207,-5.000000000000002,-0.8472746197986856
236,62.0,0.00373350371773995,-5.899999999999999,-0.08375755558321907
237,10.0,0.0007221586347441189,-1.7,-0.8290659591424823
238,17.0,0.0012179374625702621,-2.7,-0.8257780200814454
239,13.0,0.0011742130118364003,-2.0,-1.0001852510038212
240,1.0,0.0002242641076009022,-1.1,-0.8430850231480702
241,11.0,0.0008032604328036541,-1.2,-0.9863823848844491
242,9.0,0.0007218060163722839,-1.5,-0.08358842575312009
243,12.0,0.0009048139909282327,-1.7,-0.8554987938110571
244,14.0,0.0010046044662885834,-2.0999999999999996,-0.08472746197986858
245,26.0,0.0017207686196343275,-2.9000000000000004,9.669145806145973e-05
246,35.0,0.0037853383455512812,-3.3000000000000007,9.669145806134871e-06
247,8.0,0.0006389411337295314,-1.4,-0.8527686668491052
248,27.0,0.0018110384480678476,-3.700000000000001,-0.8383306750564905
249,11.0,0.001263072377696517,-1.2,-0.8492965351437609
250,19.0,0.0013487581891240552,-2.7,-0.08257780200814457
251,3.0,0.0003363961604918586,-1.3,-0.8524034577725952
252,1.0,0.0002105120638589142,-1.1,-0.0849296535143762
253,19.0,0.0012761191883328138,-2.9000000000000004,-0.9999011090188591
254,5.0,0.0003801206075877417,-1.3,-0.7791343196212394
255,1.0,0.0003508534373395378,-1.1,-0.00849296535143762
256,22.0,0.0014711161238665227,-1.9,-0.8180317507827668
257,9.0,0.0006830181991972495,-1.6,-0.8746211405464818
258,10.0,0.0008388747010030784,-1.4,-0.8378148166936162
259,17.0,0.0024048446684901137,-2.0,-0.8538105643058016
260,8.0,0.0008043182824621908,-1.4,-0.000849296535143762
261,15.0,0.00115023508988088,-2.0999999999999996,-0.08746211405464821
262,16.0,0.0010317559390387032,-2.0,-0.008746211405464832
263,3.0,0.0003194705677742604,-1.1,-0.9588576984254877
264,13.0,0.0009852105577010661,-2.0,-0.8271156532651717
265,23.0,0.001658355495237629,-2.8000000000000007,-0.0008746211405464832
266,4.0,0.00043125000593136065,-1.3,-0.8279145311209604
267,19.0,0.001444317265850259,-2.6000000000000005,-0.76108254991624
268,9.0,0.0008349959207407665,-1.3,-8.746211405463722e-05
269,38.0,0.002692579750146251,-4.400000000000002,-0.07805007260934593
270,14.0,0.003982803596954909,-1.4,-0.899475074157281
271,11.0,0.00246902087565104,-1.5,-0.7692248214200648
272,14.0,0.0010225879104837077,-1.7999999999999998,-0.8873055245641889
273,37.0,0.0024905304817366414,-4.600000000000001,-0.008257780200814469
274,8.0,0.000690070530254161,-1.7999999999999998,-0.90001765197657
275,2.0,0.0002708094871195499,-1.1,-0.7855120711903135
276,45.0,0.0030723477411811473,-3.700000000000001,-0.09997381600645094
277,58.0,0.0036157298000034643,-5.000000000000002,-0.8545179031200894
278,14.0,0.0009097506208490813,-1.7,-0.984297045508861
279,25.0,0.0018029282691713888,-3.400000000000001,-0.864295626559639
280,24.0,0.001585011259521707,-3.2000000000000006,-0.834154614383883
281,33.0,0.002409428683677106,-3.2000000000000006,-0.08545179031200889
282,8.0,0.0016227412270382047,-1.7999999999999998,-0.8330258350201077
283,39.0,0.002843499620212242,-4.000000000000002,-0.8692045186444359
284,1.0,0.00022109055680630263,-1.1,-0.08692045186444353
285,15.0,0.000984505324595375,-2.0999999999999996,-0.8478311883559957
286,8.0,0.000628010022410308,-1.5,-0.08478311883559952
287,9.0,0.0007383789943560259,-1.7999999999999998,-0.8303599728690256
288,3.0,0.00026552024064585567,-1.3,-0.008478311883559964
289,5.0,0.00048449509995407425,-1.2,-0.9465541197023425
290,8.0,0.0006738501706422539,-1.2,-0.8665626073033142
291,26.0,0.0031262980701285414,-3.0000000000000004,-1.0004657129942762
292,47.0,0.0031255928370228503,-5.100000000000001,-0.8738970649912714
293,4.0,0.0018455948666087352,-1.4,-0.8349189514599128
294,20.0,0.001288813382416265,-2.3,-0.08665626073033139
295,4.0,0.00044782298027712386,-1.4,-0.753072674944664
296,6.0,0.0005211672178120352,-1.4,-0.07530726749446637
297,6.0,0.0005148201198608149,-1.2,-0.007530726749446659
298,10.0,0.0007997342672751984,-1.9,-0.832891994817059
299,10.0,0.0019700684988492867,-1.7,-0.9003073711114872
300,24.0,0.0017549724216223694,-3.0000000000000004,-0.8299476935711549
301,16.0,0.0013321852129593026,-1.9,-0.8430777581170368
302,2.0,0.00020945421238138806,-1.1,-0.9508412187686669
303,18.0,0.0011400092098483583,-2.7,-0.8348532383661682
304,3.0,0.0004217293571855407,-1.3,-0.08349189514599131
305,2.0,0.00020769112961716019,-1.2,-0.08430777581170368
306,18.0,0.001246499399712775,-2.6000000000000005,-0.750068505670626
307,29.0,0.002134740414476255,-3.9000000000000012,-0.8394352539641312
308,51.0,0.004486692605496501,-5.4,-0.08394352539641314
309,35.0,0.002185164576076204,-4.300000000000002,-0.00839435253964127
310,2.0,0.00020169665003777482,-1.1,-0.764133434169738
311,31.0,0.003603740839025704,-3.9000000000000012,-0.8344271233637103
312,22.0,0.0014326809214253444,-2.2,-0.8402862854942502
313,14.0,0.0010324611721443944,-1.7999999999999998,-0.832997851026082
314,33.0,0.002293065232152003,-3.9000000000000012,-0.08344271233637102
315,18.0,0.0013677994811587268,-2.8000000000000007,-0.8428387327739358
316,12.0,0.0010053096993942745,-2.2,-0.8354276790982947
317,10.0,0.0007503679553337861,-1.9,-0.7579882946496469
318,37.0,0.0023533626554126386,-3.3000000000000007,-0.9566666678790328
319,8.0,0.0006812551164330216,-1.7999999999999998,-0.09566666678790325
320,24.0,0.0016058156343206065,-2.4000000000000004,-0.760401510874147
321,16.0,0.0011586978853301844,-2.6000000000000005,-0.09997640701699628
322,22.0,0.002792370225506602,-2.5,-0.7500051691232116
323,15.0,0.001092405980671174,-1.7,-0.9801061225502347
324,12.0,0.0008649683259136509,-2.2,-0.8322495507349857
325,6.0,0.0005271616973914206,-1.4,-0.8361540897304736
326,53.0,0.003190121658917633,-6.299999999999997,-0.8255707351824528
327,15.0,0.0011040423250960885,-2.0999999999999996,-0.7579878920784423
328,13.0,0.0008889462478691712,-2.0999999999999996,-1.0005221662920276
329,14.0,0.0011195574516023044,-2.2,-0.833085565688541
330,2.0,0.00026834117306862026,-1.2,-0.8721743803852094
331,1.0,0.00023731091823719908,-1.1,-0.08721743803852089
332,4.0,0.00044253373380342964,-1.2,-0.008721743803852045
333,44.0,0.002750761475908803,-4.600000000000001,-0.8321985025923515
334,23.0,0.0015437551264767535,-3.0000000000000004,-0.7580102165770011
335,3.0,0.0004012775989394868,-1.3,-0.7671419497620752
336,72.0,0.004872102461376926,-8.09999999999999,-0.8327469831963794
337,2.0,0.0002873824651032919,-1.1,-0.0008721743803852267
338,14.0,0.0009689901980891591,-2.0,-0.9999383968561035
339,24.0,0.0018230274090456078,-3.400000000000001,-0.7579636419862684
340,10.0,0.00073167927985196,-2.0,-0.8256486664110576
341,13.0,0.0010060149324999657,-1.7,-0.8510898473461573
342,24.0,0.001486278633819893,-2.0,-0.7581153386482646
343,1.0,0.0002397792341071181,-1.1,-0.9739666696573607
344,1.0,0.0002020492665906204,-1.1,-0.09739666696573601
345,11.0,0.0008395799359277589,-1.9,-0.8574945024099656
346,3.0,0.0003296964478067821,-1.3,-0.009739666696573557
347,5.0,0.00047039043784025125,-1.5,-0.07581153386482642
348,4.0,0.00045945932470203843,-1.3,-0.007581153386482686
349,1.0,0.00021051206203992479,-1.1,-0.8474345113286677
350,22.0,0.0017144215216831071,-2.9000000000000004,-0.8329620062918647
351,8.0,0.0005588971853285329,-1.7,-1.0002815594458943
352,10.0,0.0006682083076157141,-1.7999999999999998,-0.08574945024099656
353,5.0,0.0005162305842532078,-1.5,-0.7651129166169225
354,5.0,0.0004012776007584762,-1.2,-0.8416057172346592
355,6.0,0.0005123518039908959,-1.3,-0.08416057172346592
356,8.0,0.0006992385588091565,-1.5,-0.07500051691232112
357,17.0,0.0022719082389812684,-2.5,-0.08326384602866921
358,20.0,0.0016759863210609183,-2.9000000000000004,-0.07671419497620746
359,10.0,0.0007433156242768746,-1.7999999999999998,-0.8278697918540079
360,10.0,0.0006837234323029406,-1.9,-0.8444784701161493
361,3.0,0.00033145952875202056,-1.3,-0.0844478470116149
362,8.0,0.0006971228594920831,-1.2,-0.008574945024099612
363,9.0,0.0006174315276439302,-1.5,-0.07651129166169224
364,3.0,0.0003600214677135227,-1.1,-0.7974134118852729
365,8.0,0.0006618612078455044,-1.7999999999999998,-0.007395679149020951
366,6.0,0.0006791394171159482,-1.4,-0.8350836488486225
367,66.0,0.004441557690370246,-5.999999999999998,-0.7595806527033859
368,1.0,0.00019147077000525314,-1.1,-0.08350836488486224
369,32.0,0.0020578700132318772,-3.600000000000001,-0.7618817684677485
370,17.0,0.0012380366042634705,-1.7,-0.07579636419862679
371,15.0,0.001081474867532961,-2.0,-0.9505018356397862
372,2.0,0.0002609362254588632,-1.2,-0.09505018356397865
373,36.0,0.003009582000231603,-4.000000000000002,-0.7516110536943177
374,9.0,0.0007500153387809405,-1.1,-0.8431332950689289
375,25.0,0.0018036335004580906,-2.3,-0.8330515471719999
376,15.0,0.001021530060825171,-1.5,-0.7579969823977736
377,13.0,0.0008455744155071443,-1.7999999999999998,-0.9845957399196932
378,14.0,0.003973635568399914,-1.7,-0.07595806527033855
379,22.0,0.0014919204968464328,-2.6000000000000005,-0.10004991141753661
380,3.0,0.00033569092738616746,-1.3,-0.9047769947260487
381,15.0,0.0012443837003957015,-2.4000000000000004,-0.8953107024555049
382,4.0,0.00045804886030964553,-1.3,-0.007775792039831919
383,80.0,0.005526558725250652,-8.799999999999988,-0.8330980963357428
384,1.0,0.00014422015738091432,-1.1,-0.8854405576129919
385,3.0,0.00026552024064585567,-1.1,-0.0885440557612992
386,3.0,0.00038470462277473416,-1.2,-0.839692735388673
387,13.0,0.0009182134199363645,-2.0,-0.09999044008897018
388,26.0,0.0017937602387974039,-3.1000000000000005,-0.0833051547171999
389,31.0,0.0021234566847851966,-3.9000000000000012,-0.8515869386704246
390,4.0,0.00043971279956167564,-1.1,-0.9487238456892764
391,6.0,0.0005296300132613396,-1.2,-0.09487238456892766
392,9.0,0.0008357011520274682,-1.6,-0.8741734450026901
393,30.0,0.0019207021869078744,-4.000000000000002,-0.7572400191538082
394,9.0,0.0022176052971190074,-1.9,-0.8348012884118325
395,6.0,0.000547260839084629,-1.4,-0.008854405576129931
396,36.0,0.002380866744715604,-4.000000000000002,-0.07572400191538076
397,4.0,0.000421024125898839,-1.4,-0.7571894535179925
398,21.0,0.002624172144351178,-3.0000000000000004,-0.08348012884118328
399,1.0,0.0002129803779098438,-1.1,-0.7999332917725649
400,4.0,0.00038611508898611646,-1.4,-0.8486285160914347
401,27.0,0.0017785977288440336,-3.2000000000000006,-0.9667849754097937
402,7.0,0.0005010680761188269,-1.6,-0.7571666711931818
403,11.0,0.0008600316941738129,-2.0999999999999996,-0.8247488544490404
404,23.0,0.0014704108889418421,-3.2000000000000006,-0.7585961509072527
405,23.0,0.0016587081117904745,-2.0,-0.8147388542855416
406,3.0,0.00034556419086584356,-1.3,-0.0008439404571132236
407,6.0,0.0005761753945989767,-1.4,-0.7418898078440126
408,5.0,0.0006329466541501461,-1.4,-0.082474885444904
409,27.0,0.0017599090533622075,-3.500000000000001,-0.8254862315919013
410,21.0,0.001348405574390199,-3.1000000000000005,-0.832315091430701
411,15.0,0.0011378935123502742,-2.0999999999999996,-0.8217506007176177
412,16.0,0.001083590568669024,-1.9,-0.00834801288411835
413,15.0,0.001177739177364856,-1.7999999999999998,-0.8254425107079365
414,4.0,0.00044077065103920177,-1.3,-0.008247488544490422
415,21.0,0.0030593009305448504,-2.2,-0.8226482461241011
416,18.0,0.0013473477247316623,-1.3,-0.9068606109096583
417,16.0,0.0012408575348672457,-2.4000000000000004,-1.0000723355942358
418,14.0,0.0009975521370506613,-1.7999999999999998,-0.7482243158034699
419,5.0,0.0003839993914880324,-1.4,-0.0008348012884118461
420,3.0,0.0003984566683357116,-1.2,-0.8486900638339832
421,22.0,0.0014718213551532244,-3.0000000000000004,-0.9997706460481249
422,50.0,0.003264876360844937,-5.6,-0.07482243158034696
423,16.0,0.002353362657231628,-2.2,-0.8338749794732563
424,45.0,0.00311043032706948,-5.300000000000001,-0.9009090188005076
425,14.0,0.0009696954311948502,-2.3,-0.0008247488544490533
426,3.0,0.00025599959371902514,-1.3,-0.08226482461241014
427,6.0,0.00043230785377090797,-1.5,-0.9809678798899595
428,31.0,0.002147787225112552,-3.9000000000000012,-0.8336574250001936
429,51.0,0.0035169971743016504,-6.099999999999998,-0.9999754057256609
430,3.0,0.00033322261151624843,-1.2,-0.8406701804195797
431,14.0,0.00103281378869724,-2.2,-0.8502289432851399
432,42.0,0.004333304419560591,-4.600000000000001,-0.9099155799209272
433,28.0,0.0017394572951161535,-2.5,-0.8247106622250491
434,7.0,0.0006470513144449797,-1.6,-0.9494746161078325
435,17.0,0.0011389513601898216,-2.6000000000000005,-0.8348004509260525
436,4.0,0.000513057037096587,-1.3,-0.7595110847363044
437,6.0,0.0005444399066618644,-1.4,-0.0980967879889959
438,19.0,0.001274708720302442,-2.2,-0.833136839222268
439,6.0,0.0005652442832797533,-1.6,-0.8179862043344366
440,26.0,0.001847710567744798,-3.1000000000000005,-0.10001852510038212
441,1.0,0.0001964074017450912,-1.1,-0.7574119771902651
442,34.0,0.00216788636680576,-3.9000000000000012,-8.439404571136677e-05
443,97.0,0.006222623735084198,-10.299999999999983,-1.0005315423668082
444,10.0,0.000745783941965783,-1.7,-0.5758112140832686
445,2.0,0.0003561426856322214,-1.2,-0.757334136296581
446,6.0,0.0005885169721295824,-1.6,-0.8321946567374903
447,24.0,0.0017662561494944384,-2.8000000000000007,-0.8378280088392582
448,32.0,0.00207761653837224,-3.9000000000000012,-0.08953107024555051
449,7.0,0.0005003628430131357,-1.2,-0.8341358978920154
450,5.0,0.0005165832008060534,-1.3,-0.8329898641484723
451,18.0,0.0012341578221821692,-2.5,-0.8368917213766437
452,10.0,0.000745783941965783,-1.7999999999999998,-0.08217506007176179
453,7.0,0.0006653873733739601,-1.4,-0.8061239110172694
454,12.0,0.0010158881959796418,-1.6,-0.08378280088392576
455,40.0,0.003103025379459723,-3.800000000000001,-0.007377870615823512
456,10.0,0.0007175746195571264,-1.7,-0.7670121638459882
457,5.0,0.00037765229171782266,-1.1,-0.008378280088392587
458,6.0,0.0004883738820353756,-1.5,-0.8299669420727003
459,6.0,0.0005596024184342241,-1.1,-0.8518155588278129
460,9.0,0.0006258943230932346,-1.5,-0.9323108875341273
461,17.0,0.0012330999725236325,-2.4000000000000004,-0.05758112140832683
462,30.0,0.002103357543091988,-2.5,-0.8360368208427937
463,39.0,0.00269187451704056,-4.500000000000002,-0.8331404059756891
464,11.0,0.0009573538536642445,-1.5,-0.872827338745177
465,21.0,0.0014157553287077462,-3.1000000000000005,-0.9688629652753346
466,1.0,0.000140341375299613,-1.1,-0.08728273387451768
467,7.0,0.0006329466541501461,-1.7,-0.8328754117652288
468,42.0,0.002707037025174941,-3.600000000000001,-0.7501254032335796
469,4.0,0.00038787817175034434,-1.1,-0.7551289326792314
470,49.0,0.005014206919440767,-4.400000000000002,-0.817239473723903
471,7.0,0.0005959219197393395,-1.5,-0.8351236987367949
472,27.0,0.0018205590949946782,-2.6000000000000005,-0.8353404553661213
473,71.0,0.006628837965763523,-6.799999999999995,-0.826252506707003
474,39.0,0.002490177867002785,-4.900000000000002,-1.0000550781204576
475,16.0,0.0011266097826592159,-1.9,-0.9688362399313131
476,7.0,0.0007069961247907486,-1.7,-0.07501254032335791
477,32.0,0.0032437193713121815,-3.700000000000001,-0.8108963465022556
478,9.0,0.0007144010687625268,-1.7999999999999998,-0.840175894620328
479,16.0,0.001071601604053285,-2.5,-0.08262525067070037
480,8.0,0.0005705335297534475,-1.4,-0.7507040847015704
481,20.0,0.002906265361161786,-2.8000000000000007,-0.8332976087958411
482,63.0,0.004459893749299226,-5.5,-0.7593991135343351
483,4.0,0.0003885834048560355,-1.4,-0.08321946567374905
484,14.0,0.0009838000914896838,-2.0,-0.7592380044203086
485,31.0,0.0022761396394344047,-3.0000000000000004,-0.8254887688294272
486,55.0,0.005441578143290826,-6.4999999999999964,-0.9998642316911782
487,2.0,0.0002059280468529323,-1.1,-0.9573920990102929
488,11.0,0.000883304383023642,-1.7,-0.8324435358910562
489,9.0,0.0006727923209837172,-1.9,-0.08328754117652282
490,7.0,0.0006206050748005509,-1.4,-0.8488998270459476
491,1.0,0.00021474346067407168,-1.1,-0.8579814369471426
492,35.0,0.0035314544511493295,-4.500000000000002,-1.0002797712675497
493,23.0,0.0016865648176462855,-3.3000000000000007,-1.0006437080452384
494,4.0,0.0004150296445004642,-1.1,-0.07592380044203084
495,25.0,0.001567027817145572,-3.1000000000000005,-0.08324435358910565
496,19.0,0.0037814595652889693,-2.7,-0.8411457525929749
497,13.0,0.0009485384398431052,-2.0999999999999996,-0.08488998270459469
498,9.0,0.0007006490250205388,-1.7,-0.08579814369471428
499,1.0,0.00022320625794236548,-1.1,-0.008579814369471417
500,3.0,0.00033181214530486614,-1.3,-0.8371690464108221
501,19.0,0.0027828495785797713,-2.8000000000000007,-0.08371690464108217
502,2.0,0.00028385629775584675,-1.2,-0.0008579814369471528
503,78.0,0.004774427687152638,-8.29999999999999,-0.008328754117652326
504,10.0,0.0008325276048708474,-1.6,-0.008488998270459458
505,9.0,0.0006523405627376633,-1.7,-0.8330587052633063
506,53.0,0.0034637520802789368,-5.699999999999999,-0.08254887688294255
507,8.0,0.0006297731051745359,-1.7999999999999998,-0.7520097288476522
508,6.0,0.000563833817068371,-1.3,-8.579814369469307e-05
509,4.0,0.0004224345921102213,-1.4,-0.08353404553661214
510,13.0,0.0010800644013215788,-2.0,-0.8332685745566637
511,15.0,0.001065254507921054,-2.0,-0.08411457525929744
512,21.0,0.0038290627944661537,-2.8000000000000007,-0.07520097288476524
513,8.0,0.0006667978395853424,-1.3,-0.758091792579679
514,26.0,0.0017655509182077367,-2.8000000000000007,-0.007520097288476579
515,3.0,0.00043230785377090797,-1.2,-0.8271855476410203
516,12.0,0.0009414861087861937,-1.7999999999999998,-0.08271855476410206
517,3.0,0.000361431933924905,-1.3,-0.07580917925796793
518,3.0,0.0003180601015628781,-1.1,-0.0008488998270459458
519,8.0,0.000637178052784293,-1.5,-0.9404893149541436
520,5.0,0.00037941537630103994,-1.2,-0.008271855476410184
521,3.0,0.00026128884019271936,-1.3,-0.954957002950834
522,7.0,0.0006008585496601881,-1.7,-0.08330587052633065
523,23.0,0.0015024989934318,-2.6000000000000005,-0.09404893149541449
524,8.0,0.000782456059823744,-1.7999999999999998,-0.8247163093563956
525,20.0,0.0013554579054471105,-2.0999999999999996,-0.9654950934478412
526,53.0,0.00498035573400557,-4.8000000000000025,-0.07670121638459881
527,4.0,0.0003857624724332709,-1.4,-0.09654950934478412
528,14.0,0.0009143346360360738,-2.3,-0.07496603592794582
529,63.0,0.00555159449504572,-5.5,-0.9021953453580908
530,6.0,0.0009316128453065176,-1.6,-0.008353404553661181
531,6.0,0.0005366823443182511,-1.6,-0.8330461895563597
532,76.0,0.006367196507198969,-6.1999999999999975,-0.7502625573280255
533,11.0,0.0009379599450767273,-1.6,-0.754558889657367
534,27.0,0.0024697261087567313,-2.9000000000000004,-0.9836441058673029
535,16.0,0.0010550286278885324,-1.9,-0.9036782583880316
536,9.0,0.000765883081840002,-1.3,-0.0903678258388031
537,20.0,0.001357220986392349,-2.3,-0.9591993849424059
538,15.0,0.001074422538295039,-1.9,-0.9840419215743464
539,23.0,0.0018903771651821444,-2.8000000000000007,-0.0008328754117652437
540,5.0,0.0005878117390238913,-1.5,-0.8316772312890481
541,27.0,0.0019104763068753527,-3.2000000000000006,-0.8330410983478342
542,39.0,0.002592436658233055,-4.700000000000002,-0.9098890404328567
543,3.0,0.00026410977443447337,-1.2,-0.8057175909755215
544,7.0,0.0004936631285090698,-1.3,-0.779778331147731
545,9.0,0.0007662356983928476,-1.7,-0.0833046189556359
546,7.0,0.0005871065059182001,-1.7,-0.833095478282387
547,24.0,0.0017489779402239947,-3.1000000000000005,-0.08330954782823863
548,15.0,0.0022468724691862008,-2.4000000000000004,-0.007600976135005766
549,19.0,0.0015719644470664207,-2.8000000000000007,-0.7507522699349588
550,9.0,0.0007419051598844817,-1.5,-0.7639461581773833
551,15.0,0.0009682849649834679,-1.9,-0.08330410983478342
552,18.0,0.001205595883220667,-2.0,-0.7603358858405186
553,5.0,0.0005077677906228928,-1.5,-0.07603358858405185
554,58.0,0.0041132717105938355,-5.100000000000001,-0.8330400950898363
555,21.0,0.0015356449457613053,-3.0000000000000004,-0.8610457599680257
556,25.0,0.0017091322733904235,-2.5,-0.8607379801401418
557,115.0,0.008305529519930133,-8.799999999999988,-0.832254432951451
558,13.0,0.0010070727821585024,-1.5,-0.8380408037288742
559,9.0,0.0007119327547115972,-1.7,-0.8294351599724579
560,27.0,0.001826553576393053,-3.400000000000001,-0.7593120733764733
561,12.0,0.0009428965768165654,-1.4,-0.9904195848855081
562,11.0,0.0018984873458975926,-2.0999999999999996,-0.7497282975643422
563,27.0,0.0019284597492514877,-3.3000000000000007,-0.7500493229476373
564,9.0,0.0006847812819614774,-1.6,-0.008330410983478309
565,14.0,0.0009055192240339238,-2.0,-0.6671061992432263
566,52.0,0.007014247823462938,-4.900000000000002,-0.9504411408275162
567,23.0,0.0015010885272204177,-2.0999999999999996,-0.8343058548478087
568,66.0,0.004542406015389133,-6.4999999999999964,-0.0008330410983478087
569,13.0,0.0009760425273270812,-1.7999999999999998,-0.8880686503944872
570,7.0,0.0006019163993187249,-1.4,-0.8136898827819903
571,46.0,0.0028547833499033004,-4.300000000000002,-0.08306335058669356
572,15.0,0.0010187091284024063,-2.0,-0.00821750600717619
573,35.0,0.0022955335462029325,-4.100000000000001,-0.8683770831733724
574,24.0,0.0017500357917015208,-2.9000000000000004,-0.9755412877154566
575,9.0,0.0007249795653478941,-1.3,-0.8356033391259983
576,8.0,0.0021929221402388066,-1.7999999999999998,-0.9999795930611864
577,4.0,0.00041855580820993055,-1.3,-0.09755412877154568
578,18.0,0.0013522843564715004,-2.8000000000000007,-8.328754117647996e-05
579,50.0,0.0031238297542586224,-4.700000000000002,-0.7518434092037983
580,18.0,0.0013145543889550027,-2.0,-0.009755412877154535
581,61.0,0.003831178493783227,-4.600000000000001,-8.330410983481418e-05
582,2.0,0.0002648150075401645,-1.1,-0.8541013814514683
583,21.0,0.002693990214538644,-2.3,-0.7575068746182653
584,3.0,0.0003579057683964493,-1.3,-0.8330702934711101
585,40.0,0.002751466709014494,-3.2000000000000006,-0.08541013814514686
586,47.0,0.0028494941016106168,-5.000000000000002,-0.8187229326556826
587,9.0,0.0013773201280855574,-1.7999999999999998,-0.07575068746182656
588,44.0,0.0028399734546837863,-5.100000000000001,-0.9998002282786566
589,14.0,0.0011946647719014436,-2.2,-0.08330400950898365
590,37.0,0.0036326553927210625,-4.500000000000002,-0.7573727967554059
591,16.0,0.0012821136679121992,-1.7999999999999998,-0.9237722715708697
592,20.0,0.0013381796943576774,-2.8000000000000007,-0.8239699232634072
593,23.0,0.0015426972768182168,-2.0999999999999996,-0.7579927025018791
594,56.0,0.003634771092038136,-5.899999999999999,-0.8773673887577171
595,16.0,0.0012475572493713116,-2.5,-0.832221997034198
596,17.0,0.0013815515267197043,-2.5,-0.10000723355942365
597,30.0,0.002493704032531241,-3.800000000000001,-0.8371342862909941
598,52.0,0.0035561376080295304,-4.500000000000002,-0.8350751040435228
599,16.0,0.0011114472708868561,-2.0,-0.08322219970341982
600,1.0,0.000140341375299613,-1.1,-0.7609292932031415
601,3.0,0.00038928863978071604,-1.3,-0.08371342862909925
602,12.0,0.0008568581451982027,-2.0,-0.8336641503418262
603,3.0,0.0003825889252766501,-1.3,-0.00837134286290997
604,21.0,0.002588205259598908,-2.3,-0.8270155927151929
605,1.0,0.0002341373710805783,-1.1,-0.8848009931959634
606,42.0,0.0029580999889731174,-3.800000000000001,-0.945245751239935
607,9.0,0.0006692661554552615,-1.9,-0.08336641503418263
608,19.0,0.001205595883220667,-2.6000000000000005,-0.08350751040435223
609,1.0,0.00013857829253538512,-1.1,-0.9492315407609796
610,39.0,0.0025582328544260236,-4.200000000000001,-0.7578896141354922
611,8.0,0.0006265995561989257,-1.7,-0.8261521630886928
612,5.0,0.0005525500873773126,-1.4,-0.07578896141354918
613,14.0,0.0021826962620252743,-2.2,-0.08270155927151923
614,16.0,0.0014467855835391674,-2.2,-0.8782676389212165
615,32.0,0.0020264871418476105,-3.700000000000001,-0.008336641503418285
616,62.0,0.0055674622399237705,-5.699999999999999,-0.833070875776174
617,8.0,0.0005994480852677952,-1.3,-0.9699856977881676
618,36.0,0.0024891200173442485,-2.9000000000000004,-0.7521155876681702
619,74.0,0.006297731053564348,-6.799999999999995,-0.810561773029198
620,4.0,0.00039775143341103103,-1.4,-0.8919195825199593
621,99.0,0.007750863735054736,-8.699999999999989,-0.07507522699349589
622,19.0,0.00161674674563983,-2.7,-0.8331864441711028
623,31.0,0.0021604814210149925,-3.700000000000001,-0.7634091650261056
624,61.0,0.0053781071674166014,-5.000000000000002,-0.9774642008355715
625,14.0,0.0011375408957974287,-2.2,-0.0008336641503418063
626,9.0,0.0007320318945858162,-1.7999999999999998,-8.336641503414732e-05
627,62.0,0.0037070574780955212,-6.4999999999999964,-0.08147336082041035
628,46.0,0.0032190362144319806,-4.500000000000002,-0.868559462905799
629,14.0,0.0012059484997735126,-1.6,-0.8335415033339431
630,1.0,0.00024013185065996367,-1.1,-0.8658141751251788
631,12.0,0.0018706306400417816,-1.7,-0.749661472162314
632,11.0,0.0008427534830843797,-1.6,-0.008042963539829806
633,10.0,0.000796208103565732,-1.7,-0.8329599642974335
634,65.0,0.004207420321108657,-4.300000000000002,-0.07634091650261055
635,28.0,0.0019563164551072987,-2.7,-0.8711010394028817
636,15.0,0.0011749182467610808,-2.2,-0.008350751040435256
637,27.0,0.001660823811107548,-3.3000000000000007,-0.758272281894224
638,10.0,0.0023843929102440597,-1.7,-0.8406289670939988
639,10.0,0.0009330233133368893,-1.5,-0.8318845010497002
640,21.0,0.0014175184132909635,-2.0999999999999996,-0.08711010394028817
641,75.0,0.0076817508961539716,-6.899999999999995,-0.8247923042295384
642,59.0,0.005396795844717417,-5.200000000000001,-0.08322544329514492
643,86.0,0.007628505802131258,-6.799999999999995,-0.7589970626167549
644,13.0,0.0009051666074810782,-1.4,-0.7990173680182888
645,28.0,0.0017320523475063965,-2.9000000000000004,-0.8444100010725405
646,47.0,0.006062183218091377,-4.100000000000001,-0.07589970626167553
647,22.0,0.001589947891261545,-2.9000000000000004,-0.8456178404854121
648,34.0,0.0021456715257954784,-3.500000000000001,-0.08360368208427937
649,73.0,0.007481464712327579,-6.599999999999996,-0.824971024927308
650,14.0,0.0009146872544079088,-2.0,-0.08318845010497
651,34.0,0.0020924264317727648,-4.200000000000001,-0.8467130517350774
652,18.0,0.0013618050015793415,-2.4000000000000004,-0.7577785693081494
653,13.0,0.0009901471894409042,-1.9,-0.08467130517350774
654,3.0,0.00034556418904685415,-1.1,-0.07577785693081496
655,37.0,0.002259566663269652,-3.600000000000001,-0.8331320444227623
656,13.0,0.001309265140662319,-2.3,-0.8329678875875364
657,24.0,0.0015582124033244327,-3.0000000000000004,-0.8389723632635009
658,23.0,0.002379456280323211,-3.2000000000000006,-1.0004926380331127
659,48.0,0.005020906633944833,-5.4,-0.8361371400781499
660,10.0,0.000855800295539666,-1.7999999999999998,-0.8275885636782738
661,81.0,0.005378107169235591,-8.599999999999989,-0.8651458697013854
662,34.0,0.0027705080010491656,-4.100000000000001,-0.8329541895348409
663,37.0,0.0024640842457301915,-3.3000000000000007,-0.8257481883756215
664,23.0,0.0014446698824031046,-3.1000000000000005,-0.07573727967554056
665,3.0,0.0002591731426946353,-1.3,-0.8462526219617438
666,7.0,0.0007478996394638671,-1.4,-0.9299656889828302
667,37.0,0.0029559842914750334,-4.600000000000001,-0.6650292640303131
668,50.0,0.0031016149132483406,-3.3000000000000007,-0.8321131442321119
669,51.0,0.004700378216512036,-5.5,-0.0827588563678272
670,19.0,0.0012045380335621303,-2.2,-0.8888408229747349
671,108.0,0.008712801600267994,-8.699999999999989,-0.9428792314507084
672,26.0,0.0022874233673064737,-3.3000000000000007,-0.0075075226993496225
673,33.0,0.002052228148386348,-4.100000000000001,-0.8560865230289145
674,40.0,0.003942252698834636,-4.900000000000002,-0.08321131442321117
675,24.0,0.0015582124033244327,-3.0000000000000004,-0.0667533439119885
676,15.0,0.0024810098384477897,-2.3,-0.7496429701683194
677,59.0,0.005722260892071063,-4.8000000000000025,-0.8346857720168118
678,6.0,0.0005754701614932856,-1.2,-0.08560865230289139
679,19.0,0.0013998875856486848,-2.0999999999999996,-0.7452949264436333
680,22.0,0.0015867743422859348,-2.8000000000000007,-0.08389723632635016
681,22.0,0.0025963154403143562,-3.2000000000000006,-0.07497282975643416
682,6.0,0.0005095308715681313,-1.5,-0.7586216729678736
683,23.0,0.001567027817145572,-2.6000000000000005,-0.7581707985089231
684,16.0,0.001027877156957402,-2.4000000000000004,-0.7735196587797671
685,9.0,0.0006093213469284819,-1.5,-0.008389723632635016
686,34.0,0.002466552559781121,-3.1000000000000005,-0.9840546109131298
687,37.0,0.0024803046053420985,-4.000000000000002,-0.7548615832483742
688,13.0,0.0008512162803526735,-1.7,-0.7596322106082485
689,17.0,0.002881934820834431,-2.6000000000000005,-0.008409685360354024
690,2.0,0.00020698589833045844,-1.1,-0.8414206319143834
691,26.0,0.0016079313318186905,-3.500000000000001,-0.7580276328257156
692,2.0,0.00019817048450931907,-1.2,-0.09840546109131298
693,67.0,0.004466240847250447,-4.8000000000000025,-0.9437542623130482
694,3.0,0.0004894317298749229,-1.1,-0.00984054610913132
695,6.0,0.0004474703637242783,-1.4,-0.0009840546109131099
696,2.0,0.0001978178679564735,-1.2,-0.08414206319143835
697,12.0,0.00112308361713076,-1.4,-0.008414206319143802
698,4.0,0.00039034648762026336,-1.3,-0.8251003778506891
699,21.0,0.0013156122386135394,-2.7,-0.0008414206319143913
700,8.0,0.0007066435064189136,-1.7,-9.840546109129988e-05
701,15.0,0.0030240392770792823,-1.6,-0.08346857720168122
702,58.0,0.003950715494283941,-6.599999999999996,-0.99988694349245
703,140.0,0.010478705136847566,-12.299999999999976,-0.07582722818942234
704,11.0,0.0007553045870736241,-1.6,-0.9325063307477706
705,22.0,0.0014323283066914883,-2.3,-0.8247677139127653
706,45.0,0.006130943440439296,-4.600000000000001,-0.832860343748135
707,2.0,0.0003180600997438887,-1.2,-0.09325063307477699
708,7.0,0.0006763184846931836,-1.7,-0.757224341360777
709,30.0,0.0018942559472634457,-3.0000000000000004,-0.7746377019076766
710,10.0,0.00173734159579908,-1.7,-0.8326304413461889
711,25.0,0.001983115311304573,-2.7,-0.08328603437481352
712,3.0,0.0002648150075401645,-1.2,-0.9695611050994887
713,3.0,0.0002605836070870282,-1.3,-0.08247677139127652
714,24.0,0.001594884523001383,-2.8000000000000007,-0.0075827228189422335
715,24.0,0.0016879752838576678,-3.1000000000000005,-0.08326304413461882
716,66.0,0.0043735027029470075,-5.100000000000001,-0.7497605316573456
717,24.0,0.001492978348323959,-3.400000000000001,-0.07581707985089225
718,21.0,0.0017630826005188283,-3.0000000000000004,-0.7504571239888104
719,8.0,0.000563833817068371,-1.7999999999999998,-0.768642461874017
720,7.0,0.0006029742489772616,-1.6,-0.7575175872195381
721,8.0,0.0006135527455626288,-1.5,-0.8282036628869823
722,78.0,0.0057860844826791435,-6.1999999999999975,-0.07686424618740173
723,16.0,0.00108394318340288,-2.2,-0.7455370282602062
724,24.0,0.0026954006807500264,-2.9000000000000004,-0.008328603437481319
725,40.0,0.0027444143779575825,-4.700000000000002,-0.08282036628869827
726,31.0,0.0019453853419690859,-2.6000000000000005,-0.9410899081234798
727,29.0,0.0017852974433480995,-3.500000000000001,-0.832115834905423
728,16.0,0.0012077115825377405,-1.9,-0.07465807536823177
729,9.0,0.0007570676680188626,-1.4,-0.007361434994611948
730,5.0,0.0004767375357914716,-1.5,-0.8342928613528959
731,3.0,0.0002775092016236158,-1.2,-0.7607345735504795
732,8.0,0.0005588971853285329,-1.5,-0.9423739141542736
733,59.0,0.004939099600960617,-5.4,-0.8254778868821622
734,28.0,0.0017260578661080217,-2.0999999999999996,-0.07497605316573452
735,1.0,0.00015444603559444658,-1.1,-0.09423739141542731
736,41.0,0.0027800286461570067,-4.400000000000002,-0.08108963465022556
737,12.0,0.0011636345170700224,-1.5,-0.009423739141542709
738,5.0,0.0004104456293134717,-1.3,-0.008346857720168077
739,29.0,0.001778245112291188,-3.0000000000000004,-0.7713235584705286
740,37.0,0.002781439112368389,-4.500000000000002,-0.0009423739141543042
741,18.0,0.0011393039767426671,-2.0,-0.008326304413461827
742,24.0,0.0016044051681092242,-3.2000000000000006,-0.10005221662920283
743,8.0,0.002318806236871751,-1.7999999999999998,-0.008360368208427893
744,6.0,0.0005479660721903201,-1.6,-0.7579708341525555
745,136.0,0.008760052214711322,-12.999999999999973,-1.0005891594756808
746,6.0,0.0007517784215451684,-1.4,-0.9510266807061504
747,15.0,0.0010716016058722744,-1.7999999999999998,-0.8246600380361735
748,34.0,0.002123809301338042,-2.5,-0.9564746259753433
749,18.0,0.0011333094971632818,-2.0999999999999996,-0.831195803303763
750,64.0,0.004286406421670108,-6.599999999999996,-0.09564746259753432
751,66.0,0.004136191782890819,-6.799999999999995,-0.08257037634582853
752,26.0,0.003382297662028577,-2.9000000000000004,-0.8334039754548088
753,23.0,0.0014432594161917223,-3.3000000000000007,-0.8477847091470131
754,10.0,0.0006745554037479451,-1.7999999999999998,-0.009564746259753454
755,19.0,0.0012986866440769518,-2.0999999999999996,-0.08342928613528966
756,21.0,0.0015116670219867956,-2.9000000000000004,-0.7507820488427003
757,29.0,0.002301175412867451,-3.9000000000000012,-0.8384460769332113
758,48.0,0.0029069705942674773,-4.100000000000001,-0.7639892197280777
759,109.0,0.007156704898079624,-7.199999999999994,-0.8254535105048981
760,20.0,0.0013610997702926397,-2.4000000000000004,-0.008342928613528922
761,51.0,0.005278316692056251,-5.799999999999999,-0.999981577718863
762,44.0,0.003058948313992005,-5.200000000000001,-0.07504571239888103
763,6.0,0.00044535466622619424,-1.6,-0.8350915386969755
764,55.0,0.005038537457949133,-5.6,-0.007573727967554067
765,6.0,0.0004915474291919963,-1.4,-0.0009564746259753676
766,66.0,0.00400113965588389,-6.099999999999998,-0.0007582722818941789
767,151.0,0.01313919678250386,-12.099999999999977,-0.9035742240839341
768,35.0,0.0031456919787160587,-3.800000000000001,-0.008257037634582853
769,33.0,0.0025476543596596457,-3.400000000000001,-0.0903574224083934
770,19.0,0.0013300695154612185,-2.5,-0.8584863856608069
771,24.0,0.0020892528827971546,-3.3000000000000007,-0.7571759357000712
772,3.0,0.00038893602140888106,-1.3,-0.8333217646806772
773,44.0,0.003213746966139297,-3.3000000000000007,-0.08584863856608071
774,46.0,0.0027676870668074116,-4.900000000000002,-0.10001506792299508
775,4.0,0.0005345666450011777,-1.3,-0.7222749407022061
776,21.0,0.0014157553287077462,-2.6000000000000005,-0.8401061154877834
777,19.0,0.0020903107324556913,-2.6000000000000005,-0.07222749407022055
778,78.0,0.006905994552653283,-7.499999999999993,-0.8328614977065234
779,33.0,0.0023999080367502756,-3.0000000000000004,-0.0008360368208427671
780,51.0,0.0033396310627722414,-4.8000000000000025,-0.07571759357000707
781,19.0,0.0015994685363693861,-2.8000000000000007,-0.08254535105048977
782,51.0,0.0033086008097598096,-5.000000000000002,-0.7574343654169083
783,11.0,0.0007369685281446436,-2.0,-0.0757434365416908
784,22.0,0.0013681520977115724,-2.4000000000000004,-0.007571759357000718
785,10.0,0.0012274581076781033,-1.2,-0.8323391942500282
786,5.0,0.0005934536038694205,-1.3,-0.8445467172127681
787,98.0,0.007175040957008605,-9.199999999999987,-0.0007573727967553623
788,9.0,0.0007147536871343618,-1.7,-0.8249454423786491
789,41.0,0.002491940949767013,-5.000000000000002,-0.9998483058598961
790,5.0,0.00037765229353681207,-1.5,-0.0832861497706523
791,160.0,0.01090572374232579,-12.799999999999974,-0.0845617840485412
792,8.0,0.0005571341025643051,-1.7,-0.08323391942500291
793,74.0,0.005092487786896527,-7.099999999999994,-0.9007433618176263
794,1.0,0.00014422015738091432,-1.1,-0.08445467172127674
795,97.0,0.008390157485337113,-8.999999999999988,-0.8370501254091702
796,11.0,0.0009562960040057078,-1.7999999999999998,-8.360368208426561e-05
797,13.0,0.0009217395836458309,-1.9,-0.8274382528716943
798,7.0,0.0005529027039301582,-1.5,-0.07639892197280773
799,10.0,0.0008727258882572642,-1.7,-0.8577276859560962
800,44.0,0.0029200174067227636,-3.0000000000000004,-0.0009370029835573668
801,6.0,0.0005045942398282932,-1.3,-0.008323391942500313
802,2.0,0.000204870199013385,-1.1,-0.9398296713389239
803,103.0,0.010326022184017347,-8.09999999999999,-0.0008323391942500757
804,60.0,0.003796974691795185,-6.899999999999995,1.06722438554252e-05
805,57.0,0.005252223070783657,-6.1999999999999975,-0.8324179088244145
806,37.0,0.002264150676637655,-3.9000000000000012,-0.06650292640303135
807,4.0,0.00031911795122141484,-1.2,-0.9367370030415957
808,14.0,0.0030346177736646496,-1.9,-0.09367370030415956
809,39.0,0.0029697363352170214,-4.700000000000002,-0.8674534365743383
810,43.0,0.0027045687111240113,-4.300000000000002,-0.8599405925110896
811,20.0,0.0023773405791871483,-2.4000000000000004,-0.714188025764422
812,6.0,0.0005465556077979272,-1.6,-0.8257465194487534
813,125.0,0.008604195712905494,-10.499999999999982,-0.8247709680157553
814,39.0,0.0027687449182849377,-3.1000000000000005,-0.839478339675383
815,109.0,0.007116153996321373,-7.799999999999992,-0.8254402288947191
816,39.0,0.002969736333398032,-3.800000000000001,-0.9395021669775236
817,22.0,0.0015134301065700129,-3.0000000000000004,-0.8265589801463137
818,2.0,0.00020451758064155,-1.1,-0.8358944984409826
819,12.0,0.0007849243738746736,-1.9,-0.8329880070003145
820,26.0,0.0017934076222445583,-3.1000000000000005,-0.7140026913980553
821,179.0,0.014347966212881147,-12.299999999999976,-0.8515777284418067
822,27.0,0.0016668182925059227,-3.0000000000000004,-0.00010330531782565266
823,46.0,0.0027902545261895284,-4.000000000000002,-0.8254551764340106
824,6.0,0.0006093213469284819,-1.4,-0.8449387351861489
825,22.0,0.001569496133015491,-3.2000000000000006,-0.08257465194487534
826,81.0,0.004959198742653825,-7.399999999999993,-0.008257465194487557
827,55.0,0.004206009854897275,-2.7,-0.08254551764340101
828,26.0,0.0016142784297699109,-2.5,-0.832158634483453
829,54.0,0.0033438624632253777,-5.999999999999998,-1.0006727753637341
830,51.0,0.0035779998324869666,-3.3000000000000007,-0.8246862111636573
831,96.0,0.006197940578203998,-7.299999999999994,-0.7531624113852553
832,41.0,0.003230319944123039,-4.700000000000002,-0.8413050413081656
833,5.0,0.00039739881867717486,-1.5,-0.8328490994872828
834,6.0,0.0004947209781676065,-1.4,-0.08449387351861493
835,77.0,0.008159193663232145,-6.899999999999995,-0.8322299117639279
836,76.0,0.004963430141287972,-5.699999999999999,-0.8348586111621409
837,5.0,0.000384352008040878,-1.3,-0.8649387086785956
838,31.0,0.0025377810961799696,-3.9000000000000012,-0.08384460769332114
839,63.0,0.003994792559751659,-6.1999999999999975,-0.00825455176434009
840,88.0,0.007587954902191996,-7.299999999999994,-0.8582311425960387
841,57.0,0.003937668683647644,-5.999999999999998,-0.8329892821960417
842,36.0,0.0021971535388729535,-4.500000000000002,-0.09009090188005076
843,17.0,0.0014291547558968887,-2.2,-0.8253211521140948
844,107.0,0.007369685274170479,-7.299999999999994,-0.833639332368556
845,51.0,0.00365522285028419,-4.500000000000002,-0.08582311425960387
846,8.0,0.0007302688136405777,-1.7999999999999998,-0.07531624113852553
847,7.0,0.0005916905211051926,-1.7,-0.749744888596628
848,61.0,0.005274437911793939,-6.099999999999998,-0.8340563679284345
849,7.0,0.0005624233490379993,-1.5,-0.08336393323685543
850,22.0,0.0014340913894557161,-3.0000000000000004,-0.759595775832345
851,60.0,0.0035818786127492785,-5.200000000000001,-0.7982313596771051
852,93.0,0.006343571201796294,-8.49999999999999,-0.00833639332368552
853,64.0,0.004955319960572524,-6.299999999999997,-0.8374733466330003
854,60.0,0.003712346726388205,-4.600000000000001,-0.08236424857415447
855,69.0,0.004265602046871209,-7.499999999999993,-0.8974419911513811
856,16.0,0.0011957226215599803,-2.3,-0.7778218911215019
857,47.0,0.0033325787335343193,-5.000000000000002,-0.7497231132381706
858,43.0,0.0026016046867880505,-4.400000000000002,-0.010001852510038267
859,14.0,0.0011752708633139264,-1.4,-0.08649387086785953
860,30.0,0.0018381899208179675,-3.600000000000001,-0.7827617616099936
861,63.0,0.0056753628959995694,-5.6,-0.8322149185165766
862,42.0,0.002970441566503723,-4.8000000000000025,-0.8338345492118997
863,19.0,0.001271887789698667,-2.6000000000000005,-0.08322149185165761
864,6.0,0.0007493101056752494,-1.4,-0.8358850419509416
865,14.0,0.00115905050188303,-1.6,-0.008649387086785976
866,67.0,0.00438372858116054,-7.499999999999993,-0.0008649387086785421
867,36.0,0.0021904538243688876,-2.8000000000000007,-0.08338345492119004
868,28.0,0.004905248415525421,-3.1000000000000005,-0.08374733466329998
869,23.0,0.0016830386521178298,-2.3,-0.08358850419509412
870,25.0,0.0017496831751486752,-3.1000000000000005,-0.7838271915564384
871,33.0,0.003068821577471681,-3.9000000000000012,-1.0001969486000277
872,72.0,0.004500797265791334,-7.199999999999994,-0.8253548896600278
873,88.0,0.0074098835575568955,-6.999999999999995,-0.7572908354269858
874,93.0,0.00651564806321403,-8.999999999999988,-0.8630808772107669
875,40.0,0.0024189493287849473,-5.000000000000002,-0.08413050413081657
876,58.0,0.0037313880184228765,-5.699999999999999,-0.008338345492118981
877,106.0,0.010159587183807162,-7.199999999999994,-0.0008338345492119315
878,59.0,0.004047332420668681,-6.799999999999995,-1.0001102744982566
879,12.0,0.0007979711863299599,-2.2,-0.8330240722258032
880,94.0,0.007471944067219738,-8.49999999999999,-0.8330662801851737
881,27.0,0.0017313471162196947,-3.600000000000001,-0.8333539041604684
882,54.0,0.003240898438889417,-4.900000000000002,-8.338345492120425e-05
883,90.0,0.00608192974323174,-8.599999999999989,-0.07572908354269858
884,11.0,0.0007694092473684577,-1.4,-0.08333539041604687
885,102.0,0.008889109862138866,-8.39999999999999,-0.0833066280185174
886,95.0,0.005764222258221707,-9.199999999999987,-0.9997639074822257
887,123.0,0.008633815501525532,-12.099999999999977,-0.8566983243724099
888,30.0,0.003408743901673006,-3.2000000000000006,-0.7580954306776834
889,62.0,0.00396199922215601,-7.099999999999994,-0.7841733512156536
890,68.0,0.00417039558669785,-6.599999999999996,-0.9008963857582253
891,181.0,0.014709045530253206,-17.29999999999996,-0.8330053347452057
892,25.0,0.001632967105251737,-2.6000000000000005,-0.08460294377796096
893,23.0,0.0015060251589602558,-2.0999999999999996,-0.7614353089649961
894,89.0,0.008559060797779239,-5.699999999999999,-0.8323717249914961
895,74.0,0.00486540274687286,-7.799999999999992,-0.8321086880980425
896,8.0,0.000561012882826617,-1.6,-0.07614353089649961
897,107.0,0.008263215539045632,-9.099999999999987,-0.00833353904160472
898,44.0,0.002771565848888713,-4.100000000000001,-0.08323717249914964
899,207.0,0.013613818618978257,-17.89999999999997,-0.0833005334745206
900,55.0,0.0038131950514070923,-4.700000000000002,-0.8561534331839508
901,75.0,0.005464145599034964,-6.899999999999995,-0.9497608759983833
902,28.0,0.0019922833398595685,-3.800000000000001,-1.0003968851983798
903,67.0,0.004494450169659103,-7.299999999999994,-0.8257616835787746
904,35.0,0.0034062755876220763,-4.300000000000002,-0.7501384946297751
905,53.0,0.0034619889956957195,-5.200000000000001,-0.7564970405171489
906,102.0,0.006103086734583485,-9.099999999999987,-0.09497608759983833
907,147.0,0.009399345966812689,-14.09999999999997,-0.008236424857415492
908,157.0,0.011115177956526168,-12.599999999999975,-0.8536887365510979
909,29.0,0.0018748620386759285,-3.500000000000001,-0.8332982262102253
910,167.0,0.010998814505001064,-11.899999999999977,-0.7497416243358611
911,99.0,0.0066440004757168936,-5.799999999999999,-0.08536887365510981
912,97.0,0.007966665043568355,-9.899999999999984,-0.8775529232072327
913,6.0,0.0005687704469892196,-1.4,-0.8295305262987612
914,38.0,0.0025631694861658616,-3.800000000000001,-0.07501384946297751
915,111.0,0.008775919959589373,-8.799999999999988,-0.8322085717601444
916,5.0,0.00040304068352270406,-1.3,-0.009497608759983844
917,158.0,0.013938578433226212,-13.89999999999997,-0.8321095268561131
918,67.0,0.004239155809045769,-5.200000000000001,-0.7512467210315402
919,89.0,0.006984628034842899,-6.799999999999995,-0.1002152156565781
920,177.0,0.01291070127626881,-13.79999999999997,-0.7576988159849722
921,7.0,0.0007352054453804158,-1.3,-0.8436393371673063
922,14.0,0.0009132767881965265,-2.2,-0.841727916501877
923,176.0,0.013937520583567675,-15.599999999999964,-0.9440008930906322
924,29.0,0.0037532502428803127,-3.0000000000000004,-0.8467372208073092
925,24.0,0.001799402103642933,-3.1000000000000005,-0.08467372208073087
926,116.0,0.007402125995213282,-9.699999999999985,-0.858678607041014
927,98.0,0.0064624029691913165,-9.599999999999985,-0.7590944314465505
928,75.0,0.007401773378660437,-7.299999999999994,-0.08586786070410135
929,4.0,0.0004781480020028539,-1.3,-0.8423496976331403
930,37.0,0.0025674008848000085,-4.500000000000002,-0.757253650893555
931,126.0,0.010507619690542924,-10.599999999999982,-0.9393297322718563
932,118.0,0.009152514403467649,-8.799999999999988,-0.7579781994092852
933,124.0,0.00824734779598657,-8.09999999999999,-0.8350297409554287
934,119.0,0.009288624380133115,-9.599999999999985,-0.7470948946884943
935,57.0,0.004190847344943904,-6.399999999999997,-0.8329361776842741
936,57.0,0.00412173450604314,-6.4999999999999964,-0.08329892821960416
937,104.0,0.007068903385516023,-9.299999999999986,-0.00838446076933208
938,175.0,0.01182358454389032,-16.59999999999996,-0.9997586912023674
939,336.0,0.026684255177315208,-28.40000000000012,-0.0832109526856113
940,27.0,0.0016840965017763665,-3.400000000000001,-0.0750202995609428
941,263.0,0.02080120115169848,-24.10000000000006,-0.826394835088641
942,17.0,0.0011421249091654317,-1.7,-0.9434570904877005
943,52.0,0.004290285203751409,-5.899999999999999,-0.7497735491771577
944,41.0,0.004733876785394386,-4.000000000000002,-0.09434570904877004
945,107.0,0.0070992284036037745,-8.999999999999988,-0.08322085717601446
946,116.0,0.008844680180118303,-11.799999999999978,-0.8344745706816872
947,289.0,0.02125008198345313,-22.80000000000004,-0.650045419728023
948,37.0,0.004591772329149535,-4.500000000000002,-0.8246893959987338
949,183.0,0.013168111336199217,-17.09999999999996,-0.7595925318407752
950,13.0,0.0011625766674114857,-1.7,-0.000834685772016841
951,54.0,0.003297669698440586,-5.5,-0.7510855816575149
952,60.0,0.004397480624902528,-5.799999999999999,-0.8352419901545188
953,169.0,0.013181158146835514,-16.29999999999996,-0.07595925318407748
954,216.0,0.015217165937428945,-18.099999999999973,-0.8636201060022605
955,103.0,0.006272342663578456,-7.999999999999991,-0.9421051349870274
956,17.0,0.0014027085180714494,-2.0,-0.09421051349870269
957,101.0,0.006630953665080597,-10.699999999999982,-0.7579642415991278
958,14.0,0.001975710363694816,-1.9,-0.837160250200886
959,71.0,0.004342119831562741,-6.1999999999999975,-0.8382419104927374
960,111.0,0.0088609005415492,-9.199999999999987,-0.009999044008897062
961,186.0,0.014078214577239123,-16.49999999999996,-1.0003446824655826
962,47.0,0.0028949816314707277,-4.300000000000002,-0.8260658703409665
963,57.0,0.0035307492180436384,-6.399999999999997,-1.0001238566964095
964,183.0,0.011888818600709783,-14.599999999999968,-0.7552884970582718
965,73.0,0.00505546305248572,-7.199999999999994,-0.8346840846602712
966,14.0,0.0009746320629346883,-2.3,-0.7579958473427553
967,10.0,0.0006713818547723349,-1.6,-0.09393297322718563
968,95.0,0.009077759701540344,-6.799999999999995,-0.07579642415991272
969,9.0,0.0006978280944167636,-1.4,-0.009393297322718541
970,142.0,0.011506934910357813,-9.999999999999984,-0.93516563488229
971,96.0,0.005786789715784835,-9.499999999999986,-0.7500739921427639
972,27.0,0.001891435014840681,-2.0999999999999996,-0.7504736929400451
973,116.0,0.007136958372939262,-9.799999999999985,-0.8531657444704257
974,69.0,0.004691562802690896,-6.899999999999995,-0.08371602502008857
975,115.0,0.010741051826698822,-11.799999999999978,-1.0005254903376788
976,262.0,0.018063133873511106,-20.80000000000001,-0.8253216236659568
977,56.0,0.003429900893024751,-6.399999999999997,-0.7505932030854419
978,74.0,0.00815637273262837,-7.199999999999994,-1.000259889528751
979,348.0,0.025102064852035255,-32.60000000000018,-0.07500739921427635
980,43.0,0.0032246780774585204,-3.800000000000001,-0.007500739921427635
981,94.0,0.0056520902035117615,-8.49999999999999,-0.0007500739921427746
982,74.0,0.00502513803257898,-5.4,-7.500739921428856e-05
983,9.0,0.000611789662798401,-1.9,-0.7737324574389802
984,208.0,0.015268295332134585,-13.79999999999997,-0.7518769119337334
985,175.0,0.012509423677329323,-16.89999999999996,-0.8335652272342895
986,457.0,0.03416854082206555,-36.10000000000023,-0.9297472483983638
987,242.0,0.016693923924322007,-23.200000000000045,-0.8445588797331922
988,282.0,0.022150664575747214,-20.80000000000001,-0.8586747692741065
989,175.0,0.014523569241646328,-16.099999999999962,-0.8571060839535509
990,40.0,0.002424238577077631,-4.100000000000001,-0.8412639297448392
991,65.0,0.004506086514084018,-5.999999999999998,-0.006604169055997033
992,68.0,0.004280764556824579,-7.799999999999992,-0.7579738159845427
993,99.0,0.007663767453777837,-10.299999999999983,-1.000029112864773
994,32.0,0.0019605478537414456,-4.200000000000001,-0.7497953409219238
995,107.0,0.009530519311738317,-7.5999999999999925,-0.8331508973869901
996,106.0,0.007617574688993045,-10.799999999999981,-0.8363447482294366
997,69.0,0.004388312596347532,-7.699999999999992,-0.7464879176549314
998,72.0,0.004361513741969247,-6.099999999999998,-0.07497416243358612
999,74.0,0.0050332482114754384,-5.4,-0.8322335350305692
1000,0.0,0.0,0.0,0.0
1001,0.0,0.0,0.0,0.0
1002,0.0,0.0,0.0,0.0
1003,0.0,0.0,0.0,0.0
1004,0.0,0.0,0.0,0.0
1005,0.0,0.0,0.0,0.0
1006,0.0,0.0,0.0,0.0
1007,0.0,0.0,0.0,0.0
1008,0.0,0.0,0.0,0.0
1009,0.0,0.0,0.0,0.0
1010,0.0,0.0,0.0,0.0
1011,0.0,0.0,0.0,0.0
1012,0.0,0.0,0.0,0.0
1013,0.0,0.0,0.0,0.0
1014,0.0,0.0,0.0,0.0
1015,0.0,0.0,0.0,0.0
1016,0.0,0.0,0.0,0.0
1017,0.0,0.0,0.0,0.0
1018,0.0,0.0,0.0,0.0
1019,0.0,0.0,0.0,0.0
1020,0.0,0.0,0.0,0.0
1021,0.0,0.0,0.0,0.0
1022,0.0,0.0,0.0,0.0
1023,0.0,0.0,0.0,0.0
1024,0.0,0.0,0.0,0.0
1025,0.0,0.0,0.0,0.0
1026,0.0,0.0,0.0,0.0
1027,0.0,0.0,0.0,0.0
1028,0.0,0.0,0.0,0.0
1029,0.0,0.0,0.0,0.0
1030,0.0,0.0,0.0,0.0
1031,0.0,0.0,0.0,0.0
1032,0.0,0.0,0.0,0.0
1033,0.0,0.0,0.0,0.0
1034,0.0,0.0,0.0,0.0
1035,0.0,0.0,0.0,0.0
1036,0.0,0.0,0.0,0.0
1037,0.0,0.0,0.0,0.0
1038,0.0,0.0,0.0,0.0
1039,0.0,0.0,0.0,0.0
1040,0.0,0.0,0.0,0.0
1041,0.0,0.0,0.0,0.0
1042,0.0,0.0,0.0,0.0
1043,0.0,0.0,0.0,0.0
1044,0.0,0.0,0.0,0.0
1045,0.0,0.0,0.0,0.0
1046,0.0,0.0,0.0,0.0
1047,0.0,0.0,0.0,0.0
1048,0.0,0.0,0.0,0.0
1049,0.0,0.0,0.0,0.0
1050,0.0,0.0,0.0,0.0
1051,0.0,0.0,0.0,0.0
1052,0.0,0.0,0.0,0.0
1053,0.0,0.0,0.0,0.0
1054,0.0,0.0,0.0,0.0
1055,0.0,0.0,0.0,0.0
1056,0.0,0.0,0.0,0.0
1057,0.0,0.0,0.0,0.0
1058,0.0,0.0,0.0,0.0
1059,0.0,0.0,0.0,0.0
1060,0.0,0.0,0.0,0.0
1061,0.0,0.0,0.0,0.0
1062,0.0,0.0,0.0,0.0
1063,0.0,0.0,0.0,0.0
1064,0.0,0.0,0.0,0.0
1065,0.0,0.0,0.0,0.0
1066,0.0,0.0,0.0,0.0
1067,0.0,0.0,0.0,0.0
1068,0.0,0.0,0.0,0.0
1069,0.0,0.0,0.0,0.0
1070,0.0,0.0,0.0,0.0
1071,0.0,0.0,0.0,0.0
1072,0.0,0.0,0.0,0.0
1073,0.0,0.0,0.0,0.0
1074,0.0,0.0,0.0,0.0
1075,0.0,0.0,0.0,0.0
1076,0.0,0.0,0.0,0.0
1077,0.0,0.0,0.0,0.0
1078,0.0,0.0,0.0,0.0
1079,0.0,0.0,0.0,0.0
1080,0.0,0.0,0.0,0.0
1081,0.0,0.0,0.0,0.0
1082,0.0,0.0,0.0,0.0
1083,0.0,0.0,0.0,0.0
1084,0.0,0.0,0.0,0.0
1085,0.0,0.0,0.0,0.0
1086,0.0,0.0,0.0,0.0
1087,0.0,0.0,0.0,0.0
1088,0.0,0.0,0.0,0.0
1089,0.0,0.0,0.0,0.0
1090,0.0,0.0,0.0,0.0
1091,0.0,0.0,0.0,0.0
1092,0.0,0.0,0.0,0.0
1093,0.0,0.0,0.0,0.0
1094,0.0,0.0,0.0,0.0
1095,0.0,0.0,0.0,0.0
1096,0.0,0.0,0.0,0.0
1097,0.0,0.0,0.0,0.0
1098,0.0,0.0,0.0,0.0
1099,0.0,0.0,0.0,0.0
1100,0.0,0.0,0.0,0.0
1101,0.0,0.0,0.0,0.0
1102,0.0,0.0,0.0,0.0
1103,0.0,0.0,0.0,0.0
1104,0.0,0.0,0.0,0.0
1105,0.0,0.0,0.0,0.0
1106,0.0,0.0,0.0,0.0
1107,0.0,0.0,0.0,0.0
1108,0.0,0.0,0.0,0.0
1109,0.0,0.0,0.0,0.0
1110,0.0,0.0,0.0,0.0
1111,0.0,0.0,0.0,0.0
1112,0.0,0.0,0.0,0.0
1113,0.0,0.0,0.0,0.0
1114,0.0,0.0,0.0,0.0
1115,0.0,0.0,0.0,0.0
1116,0.0,0.0,0.0,0.0
1117,0.0,0.0,0.0,0.0
1118,0.0,0.0,0.0,0.0
1119,0.0,0.0,0.0,0.0
1120,0.0,0.0,0.0,0.0
1121,0.0,0.0,0.0,0.0
1122,0.0,0.0,0.0,0.0
1123,0.0,0.0,0.0,0.0
1124,0.0,0.0,0.0,0.0
1125,0.0,0.0,0.0,0.0
1126,0.0,0.0,0.0,0.0
1127,0.0,0.0,0.0,0.0
1128,0.0,0.0,0.0,0.0
1129,0.0,0.0,0.0,0.0
1130,0.0,0.0,0.0,0.0
1131,0.0,0.0,0.0,0.0
1132,0.0,0.0,0.0,0.0
1133,0.0,0.0,0.0,0.0
1134,0.0,0.0,0.0,0.0
1135,0.0,0.0,0.0,0.0
1136,0.0,0.0,0.0,0.0
1137,0.0,0.0,0.0,0.0
1138,0.0,0.0,0.0,0.0
1139,0.0,0.0,0.0,0.0
1140,0.0,0.0,0.0,0.0
1141,0.0,0.0,0.0,0.0
1142,0.0,0.0,0.0,0.0
1143,0.0,0.0,0.0,0.0
1144,0.0,0.0,0.0,0.0
1145,0.0,0.0,0.0,0.0
1146,0.0,0.0,0.0,0.0
1147,0.0,0.0,0.0,0.0
1148,0.0,0.0,0.0,0.0
1149,0.0,0.0,0.0,0.0
1150,0.0,0.0,0.0,0.0
1151,0.0,0.0,0.0,0.0
1152,0.0,0.0,0.0,0.0
1153,0.0,0.0,0.0,0.0
1154,0.0,0.0,0.0,0.0
1155,0.0,0.0,0.0,0.0
1156,0.0,0.0,0.0,0.0
1157,0.0,0.0,0.0,0.0
1158,0.0,0.0,0.0,0.0
1159,0.0,0.0,0.0,0.0
1160,0.0,0.0,0.0,0.0
1161,0.0,0.0,0.0,0.0
1162,0.0,0.0,0.0,0.0
1163,0.0,0.0,0.0,0.0
1164,0.0,0.0,0.0,0.0
1165,0.0,0.0,0.0,0.0
1166,0.0,0.0,0.0,0.0
1167,0.0,0.0,0.0,0.0
1168,0.0,0.0,0.0,0.0
1169,0.0,0.0,0.0,0.0
1170,0.0,0.0,0.0,0.0
1171,0.0,0.0,0.0,0.0
1172,0.0,0.0,0.0,0.0
1173,0.0,0.0,0.0,0.0
1174,0.0,0.0,0.0,0.0
1175,0.0,0.0,0.0,0.0
1176,0.0,0.0,0.0,0.0
1177,0.0,0.0,0.0,0.0
1178,0.0,0.0,0.0,0.0
1179,0.0,0.0,0.0,0.0
1180,0.0,0.0,0.0,0.0
1181,0.0,0.0,0.0,0.0
1182,0.0,0.0,0.0,0.0
1183,0.0,0.0,0.0,0.0
1184,0.0,0.0,0.0,0.0
1185,0.0,0.0,0.0,0.0
1186,0.0,0.0,0.0,0.0
1187,0.0,0.0,0.0,0.0
1188,0.0,0.0,0.0,0.0
1189,0.0,0.0,0.0,0.0
1190,0.0,0.0,0.0,0.0
1191,0.0,0.0,0.0,0.0
1192,0.0,0.0,0.0,0.0
1193,0.0,0.0,0.0,0.0
1194,0.0,0.0,0.0,0.0
1195,0.0,0.0,0.0,0.0
1196,0.0,0.0,0.0,0.0
1197,0.0,0.0,0.0,0.0
1198,0.0,0.0,0.0,0.0
1199,0.0,0.0,0.0,0.0
1200,0.0,0.0,0.0,0.0
1201,0.0,0.0,0.0,0.0
1202,0.0,0.0,0.0,0.0
1203,0.0,0.0,0.0,0.0
1204,0.0,0.0,0.0,0.0
1205,0.0,0.0,0.0,0.0
1206,0.0,0.0,0.0,0.0
1207,0.0,0.0,0.0,0.0
1208,0.0,0.0,0.0,0.0
1209,0.0,0.0,0.0,0.0
1210,0.0,0.0,0.0,0.0
1211,0.0,0.0,0.0,0.0
1212,0.0,0.0,0.0,0.0
1213,0.0,0.0,0.0,0.0
1214,0.0,0.0,0.0,0.0
1215,0.0,0.0,0.0,0.0
1216,0.0,0.0,0.0,0.0
1217,0.0,0.0,0.0,0.0
1218,0.0,0.0,0.0,0.0
1219,0.0,0.0,0.0,0.0
1220,0.0,0.0,0.0,0.0
1221,0.0,0.0,0.0,0.0
1222,0.0,0.0,0.0,0.0
1223,0.0,0.0,0.0,0.0
1224,0.0,0.0,0.0,0.0
1225,0.0,0.0,0.0,0.0
1226,0.0,0.0,0.0,0.0
1227,0.0,0.0,0.0,0.0
1228,0.0,0.0,0.0,0.0
1229,0.0,0.0,0.0,0.0
1230,0.0,0.0,0.0,0.0
1231,0.0,0.0,0.0,0.0
1232,0.0,0.0,0.0,0.0
1233,0.0,0.0,0.0,0.0
1234,0.0,0.0,0.0,0.0
1235,0.0,0.0,0.0,0.0
1236,0.0,0.0,0.0,0.0
1237,0.0,0.0,0.0,0.0
1238,0.0,0.0,0.0,0.0
1239,0.0,0.0,0.0,0.0
1240,0.0,0.0,0.0,0.0
1241,0.0,0.0,0.0,0.0
1242,0.0,0.0,0.0,0.0
1243,0.0,0.0,0.0,0.0
1244,0.0,0.0,0.0,0.0
1245,0.0,0.0,0.0,0.0
1246,0.0,0.0,0.0,0.0
1247,0.0,0.0,0.0,0.0
1248,0.0,0.0,0.0,0.0
1249,0.0,0.0,0.0,0.0
1250,0.0,0.0,0.0,0.0
1251,0.0,0.0,0.0,0.0
1252,0.0,0.0,0.0,0.0
1253,0.0,0.0,0.0,0.0
1254,0.0,0.0,0.0,0.0
1255,0.0,0.0,0.0,0.0
1256,0.0,0.0,0.0,0.0
1257,0.0,0.0,0.0,0.0
1258,0.0,0.0,0.0,0.0
1259,0.0,0.0,0.0,0.0
1260,0.0,0.0,0.0,0.0
1261,0.0,0.0,0.0,0.0
1262,0.0,0.0,0.0,0.0
1263,0.0,0.0,0.0,0.0
1264,0.0,0.0,0.0,0.0
1265,0.0,0.0,0.0,0.0
1266,0.0,0.0,0.0,0.0
1267,0.0,0.0,0.0,0.0
1268,0.0,0.0,0.0,0.0
1269,0.0,0.0,0.0,0.0
1270,0.0,0.0,0.0,0.0
1271,0.0,0.0,0.0,0.0
1272,0.0,0.0,0.0,0.0
1273,0.0,0.0,0.0,0.0
1274,0.0,0.0,0.0,0.0
1275,0.0,0.0,0.0,0.0
1276,0.0,0.0,0.0,0.0
1277,0.0,0.0,0.0,0.0
1278,0.0,0.0,0.0,0.0
1279,0.0,0.0,0.0,0.0
1280,0.0,0.0,0.0,0.0
1281,0.0,0.0,0.0,0.0
1282,0.0,0.0,0.0,0.0
1283,0.0,0.0,0.0,0.0
1284,0.0,0.0,0.0,0.0
1285,0.0,0.0,0.0,0.0
1286,0.0,0.0,0.0,0.0
1287,0.0,0.0,0.0,0.0
1288,0.0,0.0,0.0,0.0
1289,0.0,0.0,0.0,0.0
1290,0.0,0.0,0.0,0.0
1291,0.0,0.0,0.0,0.0
1292,0.0,0.0,0.0,0.0
1293,0.0,0.0,0.0,0.0
1294,0.0,0.0,0.0,0.0
1295,0.0,0.0,0.0,0.0
1296,0.0,0.0,0.0,0.0
1297,0.0,0.0,0.0,0.0
1298,0.0,0.0,0.0,0.0
1299,0.0,0.0,0.0,0.0
1300,0.0,0.0,0.0,0.0
1301,0.0,0.0,0.0,0.0
1302,0.0,0.0,0.0,0.0
1303,0.0,0.0,0.0,0.0
1304,0.0,0.0,0.0,0.0
1305,0.0,0.0,0.0,0.0
1306,0.0,0.0,0.0,0.0
1307,0.0,0.0,0.0,0.0
1308,0.0,0.0,0.0,0.0
1309,0.0,0.0,0.0,0.0
1310,0.0,0.0,0.0,0.0
1311,0.0,0.0,0.0,0.0
1312,0.0,0.0,0.0,0.0
1313,0.0,0.0,0.0,0.0
1314,0.0,0.0,0.0,0.0
1315,0.0,0.0,0.0,0.0
1316,0.0,0.0,0.0,0.0
1317,0.0,0.0,0.0,0.0
1318,0.0,0.0,0.0,0.0
1319,0.0,0.0,0.0,0.0
1320,0.0,0.0,0.0,0.0
1321,0.0,0.0,0.0,0.0
1322,0.0,0.0,0.0,0.0
1323,0.0,0.0,0.0,0.0
1324,0.0,0.0,0.0,0.0
1325,0.0,0.0,0.0,0.0
1326,0.0,0.0,0.0,0.0
1327,0.0,0.0,0.0,0.0
1328,0.0,0.0,0.0,0.0
1329,0.0,0.0,0.0,0.0
1330,0.0,0.0,0.0,0.0
1331,0.0,0.0,0.0,0.0
1332,0.0,0.0,0.0,0.0
1333,0.0,0.0,0.0,0.0
1334,0.0,0.0,0.0,0.0
1335,0.0,0.0,0.0,0.0
1336,0.0,0.0,0.0,0.0
1337,0.0,0.0,0.0,0.0
1338,0.0,0.0,0.0,0.0
1339,0.0,0.0,0.0,0.0
1340,0.0,0.0,0.0,0.0
1341,0.0,0.0,0.0,0.0
1342,0.0,0.0,0.0,0.0
1343,0.0,0.0,0.0,0.0
1344,0.0,0.0,0.0,0.0
1345,0.0,0.0,0.0,0.0
1346,0.0,0.0,0.0,0.0
1347,0.0,0.0,0.0,0.0
1348,0.0,0.0,0.0,0.0
1349,0.0,0.0,0.0,0.0
1350,0.0,0.0,0.0,0.0
1351,0.0,0.0,0.0,0.0
1352,0.0,0.0,0.0,0.0
1353,0.0,0.0,0.0,0.0
1354,0.0,0.0,0.0,0.0
1355,0.0,0.0,0.0,0.0
1356,0.0,0.0,0.0,0.0
1357,0.0,0.0,0.0,0.0
1358,0.0,0.0,0.0,0.0
1359,0.0,0.0,0.0,0.0
1360,0.0,0.0,0.0,0.0
1361,0.0,0.0,0.0,0.0
1362,0.0,0.0,0.0,0.0
1363,0.0,0.0,0.0,0.0
1364,0.0,0.0,0.0,0.0
1365,0.0,0.0,0.0,0.0
1366,0.0,0.0,0.0,0.0
1367,0.0,0.0,0.0,0.0
1368,0.0,0.0,0.0,0.0
1369,0.0,0.0,0.0,0.0
1370,0.0,0.0,0.0,0.0
1371,0.0,0.0,0.0,0.0
1372,0.0,0.0,0.0,0.0
1373,0.0,0.0,0.0,0.0
1374,0.0,0.0,0.0,0.0
1375,0.0,0.0,0.0,0.0
1376,0.0,0.0,0.0,0.0
1377,0.0,0.0,0.0,0.0
1378,0.0,0.0,0.0,0.0
1379,0.0,0.0,0.0,0.0
1380,0.0,0.0,0.0,0.0
1381,0.0,0.0,0.0,0.0
1382,0.0,0.0,0.0,0.0
1383,0.0,0.0,0.0,0.0
1384,0.0,0.0,0.0,0.0
1385,0.0,0.0,0.0,0.0
1386,0.0,0.0,0.0,0.0
1387,0.0,0.0,0.0,0.0
1388,0.0,0.0,0.0,0.0
1389,0.0,0.0,0.0,0.0
1390,0.0,0.0,0.0,0.0
1391,0.0,0.0,0.0,0.0
1392,0.0,0.0,0.0,0.0
1393,0.0,0.0,0.0,0.0
1394,0.0,0.0,0.0,0.0
1395,0.0,0.0,0.0,0.0
1396,0.0,0.0,0.0,0.0
1397,0.0,0.0,0.0,0.0
1398,0.0,0.0,0.0,0.0
1399,0.0,0.0,0.0,0.0
1400,0.0,0.0,0.0,0.0
1401,0.0,0.0,0.0,0.0
1402,0.0,0.0,0.0,0.0
1403,0.0,0.0,0.0,0.0
1404,0.0,0.0,0.0,0.0
1405,0.0,0.0,0.0,0.0
1406,0.0,0.0,0.0,0.0
1407,0.0,0.0,0.0,0.0
1408,0.0,0.0,0.0,0.0
1409,0.0,0.0,0.0,0.0
1410,0.0,0.0,0.0,0.0
1411,0.0,0.0,0.0,0.0
1412,0.0,0.0,0.0,0.0
1413,0.0,0.0,0.0,0.0
1414,0.0,0.0,0.0,0.0
1415,0.0,0.0,0.0,0.0
1416,0.0,0.0,0.0,0.0
1417,0.0,0.0,0.0,0.0
1418,0.0,0.0,0.0,0.0
1419,0.0,0.0,0.0,0.0
1420,0.0,0.0,0.0,0.0
1421,0.0,0.0,0.0,0.0
1422,0.0,0.0,0.0,0.0
1423,0.0,0.0,0.0,0.0
1424,0.0,0.0,0.0,0.0
1425,0.0,0.0,0.0,0.0
1426,0.0,0.0,0.0,0.0
1427,0.0,0.0,0.0,0.0
1428,0.0,0.0,0.0,0.0
1429,0.0,0.0,0.0,0.0
1430,0.0,0.0,0.0,0.0
1431,0.0,0.0,0.0,0.0
1432,0.0,0.0,0.0,0.0
1433,0.0,0.0,0.0,0.0
1434,0.0,0.0,0.0,0.0
1435,0.0,0.0,0.0,0.0
1436,0.0,0.0,0.0,0.0
1437,0.0,0.0,0.0,0.0
1438,0.0,0.0,0.0,0.0
1439,0.0,0.0,0.0,0.0
1440,0.0,0.0,0.0,0.0
1441,0.0,0.0,0.0,0.0
1442,0.0,0.0,0.0,0.0
1443,0.0,0.0,0.0,0.0
1444,0.0,0.0,0.0,0.0
1445,0.0,0.0,0.0,0.0
1446,0.0,0.0,0.0,0.0
1447,0.0,0.0,0.0,0.0
1448,0.0,0.0,0.0,0.0
1449,0.0,0.0,0.0,0.0
1450,0.0,0.0,0.0,0.0
1451,0.0,0.0,0.0,0.0
1452,0.0,0.0,0.0,0.0
1453,0.0,0.0,0.0,0.0
1454,0.0,0.0,0.0,0.0
1455,0.0,0.0,0.0,0.0
1456,0.0,0.0,0.0,0.0
1457,0.0,0.0,0.0,0.0
1458,0.0,0.0,0.0,0.0
1459,0.0,0.0,0.0,0.0
1460,0.0,0.0,0.0,0.0
1461,0.0,0.0,0.0,0.0
1462,0.0,0.0,0.0,0.0
1463,0.0,0.0,0.0,0.0
1464,0.0,0.0,0.0,0.0
1465,0.0,0.0,0.0,0.0
1466,0.0,0.0,0.0,0.0
1467,0.0,0.0,0.0,0.0
1468,0.0,0.0,0.0,0.0
1469,0.0,0.0,0.0,0.0
1470,0.0,0.0,0.0,0.0
1471,0.0,0.0,0.0,0.0
1472,0.0,0.0,0.0,0.0
1473,0.0,0.0,0.0,0.0
1474,0.0,0.0,0.0,0.0
1475,0.0,0.0,0.0,0.0
1476,0.0,0.0,0.0,0.0
1477,0.0,0.0,0.0,0.0
1478,0.0,0.0,0.0,0.0
1479,0.0,0.0,0.0,0.0
1480,0.0,0.0,0.0,0.0
1481,0.0,0.0,0.0,0.0
1482,0.0,0.0,0.0,0.0
1483,0.0,0.0,0.0,0.0
1484,0.0,0.0,0.0,0.0
1485,0.0,0.0,0.0,0.0
1486,0.0,0.0,0.0,0.0
1487,0.0,0.0,0.0,0.0
1488,0.0,0.0,0.0,0.0
1489,0.0,0.0,0.0,0.0
1490,0.0,0.0,0.0,0.0
1491,0.0,0.0,0.0,0.0
1492,0.0,0.0,0.0,0.0
1493,0.0,0.0,0.0,0.0
1494,0.0,0.0,0.0,0.0
1495,0.0,0.0,0.0,0.0
1496,0.0,0.0,0.0,0.0
1497,0.0,0.0,0.0,0.0
1498,0.0,0.0,0.0,0.0
1499,0.0,0.0,0.0,0.0
1500,0.0,0.0,0.0,0.0
1501,0.0,0.0,0.0,0.0
1502,0.0,0.0,0.0,0.0
1503,0.0,0.0,0.0,0.0
1504,0.0,0.0,0.0,0.0
1505,0.0,0.0,0.0,0.0
1506,0.0,0.0,0.0,0.0
1507,0.0,0.0,0.0,0.0
1508,0.0,0.0,0.0,0.0
1509,0.0,0.0,0.0,0.0
1510,0.0,0.0,0.0,0.0
1511,0.0,0.0,0.0,0.0
1512,0.0,0.0,0.0,0.0
1513,0.0,0.0,0.0,0.0
1514,0.0,0.0,0.0,0.0
1515,0.0,0.0,0.0,0.0
1516,0.0,0.0,0.0,0.0
1517,0.0,0.0,0.0,0.0
1518,0.0,0.0,0.0,0.0
1519,0.0,0.0,0.0,0.0
1520,0.0,0.0,0.0,0.0
1521,0.0,0.0,0.0,0.0
1522,0.0,0.0,0.0,0.0
1523,0.0,0.0,0.0,0.0
1524,0.0,0.0,0.0,0.0
1525,0.0,0.0,0.0,0.0
1526,0.0,0.0,0.0,0.0
1527,0.0,0.0,0.0,0.0
1528,0.0,0.0,0.0,0.0
1529,0.0,0.0,0.0,0.0
1530,0.0,0.0,0.0,0.0
1531,0.0,0.0,0.0,0.0
1532,0.0,0.0,0.0,0.0
1533,0.0,0.0,0.0,0.0
1534,0.0,0.0,0.0,0.0
1535,0.0,0.0,0.0,0.0
1536,0.0,0.0,0.0,0.0
1537,0.0,0.0,0.0,0.0
1538,0.0,0.0,0.0,0.0
1539,0.0,0.0,0.0,0.0
1540,0.0,0.0,0.0,0.0
1541,0.0,0.0,0.0,0.0
1542,0.0,0.0,0.0,0.0
1543,0.0,0.0,0.0,0.0
1544,0.0,0.0,0.0,0.0
1545,0.0,0.0,0.0,0.0
1546,0.0,0.0,0.0,0.0
1547,0.0,0.0,0.0,0.0
1548,0.0,0.0,0.0,0.0
1549,0.0,0.0,0.0,0.0
1550,0.0,0.0,0.0,0.0
1551,0.0,0.0,0.0,0.0
1552,0.0,0.0,0.0,0.0
1553,0.0,0.0,0.0,0.0
1554,0.0,0.0,0.0,0.0
1555,0.0,0.0,0.0,0.0
1556,0.0,0.0,0.0,0.0
1557,0.0,0.0,0.0,0.0
1558,0.0,0.0,0.0,0.0
1559,0.0,0.0,0.0,0.0
1560,0.0,0.0,0.0,0.0
1561,0.0,0.0,0.0,0.0
1562,0.0,0.0,0.0,0.0
1563,0.0,0.0,0.0,0.0
1564,0.0,0.0,0.0,0.0
1565,0.0,0.0,0.0,0.0
1566,0.0,0.0,0.0,0.0
1567,0.0,0.0,0.0,0.0
1568,0.0,0.0,0.0,0.0
1569,0.0,0.0,0.0,0.0
1570,0.0,0.0,0.0,0.0
1571,0.0,0.0,0.0,0.0
1572,0.0,0.0,0.0,0.0
1573,0.0,0.0,0.0,0.0
1574,0.0,0.0,0.0,0.0
1575,0.0,0.0,0.0,0.0
1576,0.0,0.0,0.0,0.0
1577,0.0,0.0,0.0,0.0
1578,0.0,0.0,0.0,0.0
1579,0.0,0.0,0.0,0.0
1580,0.0,0.0,0.0,0.0
1581,0.0,0.0,0.0,0.0
1582,0.0,0.0,0.0,0.0
1583,0.0,0.0,0.0,0.0
1584,0.0,0.0,0.0,0.0
1585,0.0,0.0,0.0,0.0
1586,0.0,0.0,0.0,0.0
1587,0.0,0.0,0.0,0.0
1588,0.0,0.0,0.0,0.0
1589,0.0,0.0,0.0,0.0
1590,0.0,0.0,0.0,0.0
1591,0.0,0.0,0.0,0.0
1592,0.0,0.0,0.0,0.0
1593,0.0,0.0,0.0,0.0
1594,0.0,0.0,0.0,0.0
1595,0.0,0.0,0.0,0.0
1596,0.0,0.0,0.0,0.0
1597,0.0,0.0,0.0,0.0
1598,0.0,0.0,0.0,0.0
1599,0.0,0.0,0.0,0.0
1600,0.0,0.0,0.0,0.0
1601,0.0,0.0,0.0,0.0
1602,0.0,0.0,0.0,0.0
1603,0.0,0.0,0.0,0.0
1604,0.0,0.0,0.0,0.0
1605,0.0,0.0,0.0,0.0
1606,0.0,0.0,0.0,0.0
1607,0.0,0.0,0.0,0.0
1608,0.0,0.0,0.0,0.0
1609,0.0,0.0,0.0,0.0
1610,0.0,0.0,0.0,0.0
1611,0.0,0.0,0.0,0.0
1612,0.0,0.0,0.0,0.0
1613,0.0,0.0,0.0,0.0
1614,0.0,0.0,0.0,0.0
1615,0.0,0.0,0.0,0.0
1616,0.0,0.0,0.0,0.0
1617,0.0,0.0,0.0,0.0
1618,0.0,0.0,0.0,0.0
1619,0.0,0.0,0.0,0.0
1620,0.0,0.0,0.0,0.0
1621,0.0,0.0,0.0,0.0
1622,0.0,0.0,0.0,0.0
1623,0.0,0.0,0.0,0.0
1624,0.0,0.0,0.0,0.0
1625,0.0,0.0,0.0,0.0
1626,0.0,0.0,0.0,0.0
1627,0.0,0.0,0.0,0.0
1628,0.0,0.0,0.0,0.0
1629,0.0,0.0,0.0,0.0
1630,0.0,0.0,0.0,0.0
1631,0.0,0.0,0.0,0.0
1632,0.0,0.0,0.0,0.0
1633,0.0,0.0,0.0,0.0
1634,0.0,0.0,0.0,0.0
1635,0.0,0.0,0.0,0.0
1636,0.0,0.0,0.0,0.0
1637,0.0,0.0,0.0,0.0
1638,0.0,0.0,0.0,0.0
1639,0.0,0.0,0.0,0.0
1640,0.0,0.0,0.0,0.0
1641,0.0,0.0,0.0,0.0
1642,0.0,0.0,0.0,0.0
1643,0.0,0.0,0.0,0.0
1644,0.0,0.0,0.0,0.0
1645,0.0,0.0,0.0,0.0
1646,0.0,0.0,0.0,0.0
1647,0.0,0.0,0.0,0.0
1648,0.0,0.0,0.0,0.0
1649,0.0,0.0,0.0,0.0
1650,0.0,0.0,0.0,0.0
1651,0.0,0.0,0.0,0.0
1652,0.0,0.0,0.0,0.0
1653,0.0,0.0,0.0,0.0
1654,0.0,0.0,0.0,0.0
1655,0.0,0.0,0.0,0.0
1656,0.0,0.0,0.0,0.0
1657,0.0,0.0,0.0,0.0
1658,0.0,0.0,0.0,0.0
1659,0.0,0.0,0.0,0.0
1660,0.0,0.0,0.0,0.0
1661,0.0,0.0,0.0,0.0
1662,0.0,0.0,0.0,0.0
1663,0.0,0.0,0.0,0.0
1664,0.0,0.0,0.0,0.0
1665,0.0,0.0,0.0,0.0
1666,0.0,0.0,0.0,0.0
1667,0.0,0.0,0.0,0.0
1668,0.0,0.0,0.0,0.0
1669,0.0,0.0,0.0,0.0
1670,0.0,0.0,0.0,0.0
1671,0.0,0.0,0.0,0.0
1672,0.0,0.0,0.0,0.0
1673,0.0,0.0,0.0,0.0
1674,0.0,0.0,0.0,0.0
1675,0.0,0.0,0.0,0.0
1676,0.0,0.0,0.0,0.0
1677,0.0,0.0,0.0,0.0
1678,0.0,0.0,0.0,0.0
1679,0.0,0.0,0.0,0.0
1680,0.0,0.0,0.0,0.0
1681,0.0,0.0,0.0,0.0
1682,0.0,0.0,0.0,0.0
1683,0.0,0.0,0.0,0.0
1684,0.0,0.0,0.0,0.0
1685,0.0,0.0,0.0,0.0
1686,0.0,0.0,0.0,0.0
1687,0.0,0.0,0.0,0.0
1688,0.0,0.0,0.0,0.0
1689,0.0,0.0,0.0,0.0
1690,0.0,0.0,0.0,0.0
1691,0.0,0.0,0.0,0.0
1692,0.0,0.0,0.0,0.0
1693,0.0,0.0,0.0,0.0
1694,0.0,0.0,0.0,0.0
1695,0.0,0.0,0.0,0.0
1696,0.0,0.0,0.0,0.0
1697,0.0,0.0,0.0,0.0
1698,0.0,0.0,0.0,0.0
1699,0.0,0.0,0.0,0.0
1700,0.0,0.0,0.0,0.0
1701,0.0,0.0,0.0,0.0
1702,0.0,0.0,0.0,0.0
1703,0.0,0.0,0.0,0.0
1704,0.0,0.0,0.0,0.0
1705,0.0,0.0,0.0,0.0
1706,0.0,0.0,0.0,0.0
1707,0.0,0.0,0.0,0.0
1708,0.0,0.0,0.0,0.0
1709,0.0,0.0,0.0,0.0
1710,0.0,0.0,0.0,0.0
1711,0.0,0.0,0.0,0.0
1712,0.0,0.0,0.0,0.0
1713,0.0,0.0,0.0,0.0
1714,0.0,0.0,0.0,0.0
1715,0.0,0.0,0.0,0.0
1716,0.0,0.0,0.0,0.0
1717,0.0,0.0,0.0,0.0
1718,0.0,0.0,0.0,0.0
1719,0.0,0.0,0.0,0.0
1720,0.0,0.0,0.0,0.0
1721,0.0,0.0,0.0,0.0
1722,0.0,0.0,0.0,0.0
1723,0.0,0.0,0.0,0.0
1724,0.0,0.0,0.0,0.0
1725,0.0,0.0,0.0,0.0
1726,0.0,0.0,0.0,0.0
1727,0.0,0.0,0.0,0.0
1728,0.0,0.0,0.0,0.0
1729,0.0,0.0,0.0,0.0
1730,0.0,0.0,0.0,0.0
1731,0.0,0.0,0.0,0.0
1732,0.0,0.0,0.0,0.0
1733,0.0,0.0,0.0,0.0
1734,0.0,0.0,0.0,0.0
1735,0.0,0.0,0.0,0.0
1736,0.0,0.0,0.0,0.0
1737,0.0,0.0,0.0,0.0
1738,0.0,0.0,0.0,0.0
1739,0.0,0.0,0.0,0.0
1740,0.0,0.0,0.0,0.0
1741,0.0,0.0,0.0,0.0
1742,0.0,0.0,0.0,0.0
1743,0.0,0.0,0.0,0.0
1744,0.0,0.0,0.0,0.0
1745,0.0,0.0,0.0,0.0
1746,0.0,0.0,0.0,0.0
1747,0.0,0.0,0.0,0.0
1748,0.0,0.0,0.0,0.0
1749,0.0,0.0,0.0,0.0
1750,0.0,0.0,0.0,0.0
1751,0.0,0.0,0.0,0.0
1752,0.0,0.0,0.0,0.0
1753,0.0,0.0,0.0,0.0
1754,0.0,0.0,0.0,0.0
1755,0.0,0.0,0.0,0.0
1756,0.0,0.0,0.0,0.0
1757,0.0,0.0,0.0,0.0
1758,0.0,0.0,0.0,0.0
1759,0.0,0.0,0.0,0.0
1760,0.0,0.0,0.0,0.0
1761,0.0,0.0,0.0,0.0
1762,0.0,0.0,0.0,0.0
1763,0.0,0.0,0.0,0.0
1764,0.0,0.0,0.0,0.0
1765,0.0,0.0,0.0,0.0
1766,0.0,0.0,0.0,0.0
1767,0.0,0.0,0.0,0.0
1768,0.0,0.0,0.0,0.0
1769,0.0,0.0,0.0,0.0
1770,0.0,0.0,0.0,0.0
1771,0.0,0.0,0.0,0.0
1772,0.0,0.0,0.0,0.0
1773,0.0,0.0,0.0,0.0
1774,0.0,0.0,0.0,0.0
1775,0.0,0.0,0.0,0.0
1776,0.0,0.0,0.0,0.0
1777,0.0,0.0,0.0,0.0
1778,0.0,0.0,0.0,0.0
1779,0.0,0.0,0.0,0.0
1780,0.0,0.0,0.0,0.0
1781,0.0,0.0,0.0,0.0
1782,0.0,0.0,0.0,0.0
1783,0.0,0.0,0.0,0.0
1784,0.0,0.0,0.0,0.0
1785,0.0,0.0,0.0,0.0
1786,0.0,0.0,0.0,0.0
1787,0.0,0.0,0.0,0.0
1788,0.0,0.0,0.0,0.0
1789,0.0,0.0,0.0,0.0
1790,0.0,0.0,0.0,0.0
1791,0.0,0.0,0.0,0.0
1792,0.0,0.0,0.0,0.0
1793,0.0,0.0,0.0,0.0
1794,0.0,0.0,0.0,0.0
1795,0.0,0.0,0.0,0.0
1796,0.0,0.0,0.0,0.0
1797,0.0,0.0,0.0,0.0
1798,0.0,0.0,0.0,0.0
1799,0.0,0.0,0.0,0.0
1800,0.0,0.0,0.0,0.0
1801,0.0,0.0,0.0,0.0
1802,0.0,0.0,0.0,0.0
1803,0.0,0.0,0.0,0.0
1804,0.0,0.0,0.0,0.0
1805,0.0,0.0,0.0,0.0
1806,0.0,0.0,0.0,0.0
1807,0.0,0.0,0.0,0.0
1808,0.0,0.0,0.0,0.0
1809,0.0,0.0,0.0,0.0
1810,0.0,0.0,0.0,0.0
1811,0.0,0.0,0.0,0.0
1812,0.0,0.0,0.0,0.0
1813,0.0,0.0,0.0,0.0
1814,0.0,0.0,0.0,0.0
1815,0.0,0.0,0.0,0.0
1816,0.0,0.0,0.0,0.0
1817,0.0,0.0,0.0,0.0
1818,0.0,0.0,0.0,0.0
1819,0.0,0.0,0.0,0.0
1820,0.0,0.0,0.0,0.0
1821,0.0,0.0,0.0,0.0
1822,0.0,0.0,0.0,0.0
1823,0.0,0.0,0.0,0.0
1824,0.0,0.0,0.0,0.0
1825,0.0,0.0,0.0,0.0
1826,0.0,0.0,0.0,0.0
1827,0.0,0.0,0.0,0.0
1828,0.0,0.0,0.0,0.0
1829,0.0,0.0,0.0,0.0
1830,0.0,0.0,0.0,0.0
1831,0.0,0.0,0.0,0.0
1832,0.0,0.0,0.0,0.0
1833,0.0,0.0,0.0,0.0
1834,0.0,0.0,0.0,0.0
1835,0.0,0.0,0.0,0.0
1836,0.0,0.0,0.0,0.0
1837,0.0,0.0,0.0,0.0
1838,0.0,0.0,0.0,0.0
1839,0.0,0.0,0.0,0.0
1840,0.0,0.0,0.0,0.0
1841,0.0,0.0,0.0,0.0
1842,0.0,0.0,0.0,0.0
1843,0.0,0.0,0.0,0.0
1844,0.0,0.0,0.0,0.0
1845,0.0,0.0,0.0,0.0
1846,0.0,0.0,0.0,0.0
1847,0.0,0.0,0.0,0.0
1848,0.0,0.0,0.0,0.0
1849,0.0,0.0,0.0,0.0
1850,0.0,0.0,0.0,0.0
1851,0.0,0.0,0.0,0.0
1852,0.0,0.0,0.0,0.0
1853,0.0,0.0,0.0,0.0
1854,0.0,0.0,0.0,0.0
1855,0.0,0.0,0.0,0.0
1856,0.0,0.0,0.0,0.0
1857,0.0,0.0,0.0,0.0
1858,0.0,0.0,0.0,0.0
1859,0.0,0.0,0.0,0.0
1860,0.0,0.0,0.0,0.0
1861,0.0,0.0,0.0,0.0
1862,0.0,0.0,0.0,0.0
1863,0.0,0.0,0.0,0.0
1864,0.0,0.0,0.0,0.0
1865,0.0,0.0,0.0,0.0
1866,0.0,0.0,0.0,0.0
1867,0.0,0.0,0.0,0.0
1868,0.0,0.0,0.0,0.0
1869,0.0,0.0,0.0,0.0
1870,0.0,0.0,0.0,0.0
1871,0.0,0.0,0.0,0.0
1872,0.0,0.0,0.0,0.0
1873,0.0,0.0,0.0,0.0
1874,0.0,0.0,0.0,0.0
1875,0.0,0.0,0.0,0.0
1876,0.0,0.0,0.0,0.0
1877,0.0,0.0,0.0,0.0
1878,0.0,0.0,0.0,0.0
1879,0.0,0.0,0.0,0.0
1880,0.0,0.0,0.0,0.0
1881,0.0,0.0,0.0,0.0
1882,0.0,0.0,0.0,0.0
1883,0.0,0.0,0.0,0.0
1884,0.0,0.0,0.0,0.0
1885,0.0,0.0,0.0,0.0
1886,0.0,0.0,0.0,0.0
1887,0.0,0.0,0.0,0.0
1888,0.0,0.0,0.0,0.0
1889,0.0,0.0,0.0,0.0
1890,0.0,0.0,0.0,0.0
1891,0.0,0.0,0.0,0.0
1892,0.0,0.0,0.0,0.0
1893,0.0,0.0,0.0,0.0
1894,0.0,0.0,0.0,0.0
1895,0.0,0.0,0.0,0.0
1896,0.0,0.0,0.0,0.0
1897,0.0,0.0,0.0,0.0
1898,0.0,0.0,0.0,0.0
1899,0.0,0.0,0.0,0.0
1900,0.0,0.0,0.0,0.0
1901,0.0,0.0,0.0,0.0
1902,0.0,0.0,0.0,0.0
1903,0.0,0.0,0.0,0.0
1904,0.0,0.0,0.0,0.0
1905,0.0,0.0,0.0,0.0
1906,0.0,0.0,0.0,0.0
1907,0.0,0.0,0.0,0.0
1908,0.0,0.0,0.0,0.0
1909,0.0,0.0,0.0,0.0
1910,0.0,0.0,0.0,0.0
1911,0.0,0.0,0.0,0.0
1912,0.0,0.0,0.0,0.0
1913,0.0,0.0,0.0,0.0
1914,0.0,0.0,0.0,0.0
1915,0.0,0.0,0.0,0.0
1916,0.0,0.0,0.0,0.0
1917,0.0,0.0,0.0,0.0
1918,0.0,0.0,0.0,0.0
1919,0.0,0.0,0.0,0.0
1920,0.0,0.0,0.0,0.0
1921,0.0,0.0,0.0,0.0
1922,0.0,0.0,0.0,0.0
1923,0.0,0.0,0.0,0.0
1924,0.0,0.0,0.0,0.0
1925,0.0,0.0,0.0,0.0
1926,0.0,0.0,0.0,0.0
1927,0.0,0.0,0.0,0.0
1928,0.0,0.0,0.0,0.0
1929,0.0,0.0,0.0,0.0
1930,0.0,0.0,0.0,0.0
1931,0.0,0.0,0.0,0.0
1932,0.0,0.0,0.0,0.0
1933,0.0,0.0,0.0,0.0
1934,0.0,0.0,0.0,0.0
1935,0.0,0.0,0.0,0.0
1936,0.0,0.0,0.0,0.0
1937,0.0,0.0,0.0,0.0
1938,0.0,0.0,0.0,0.0
1939,0.0,0.0,0.0,0.0
1940,0.0,0.0,0.0,0.0
1941,0.0,0.0,0.0,0.0
1942,0.0,0.0,0.0,0.0
1943,0.0,0.0,0.0,0.0
1944,0.0,0.0,0.0,0.0
1945,0.0,0.0,0.0,0.0
1946,0.0,0.0,0.0,0.0
1947,0.0,0.0,0.0,0.0
1948,0.0,0.0,0.0,0.0
1949,0.0,0.0,0.0,0.0
1950,0.0,0.0,0.0,0.0
1951,0.0,0.0,0.0,0.0
1952,0.0,0.0,0.0,0.0
1953,0.0,0.0,0.0,0.0
1954,0.0,0.0,0.0,0.0
1955,0.0,0.0,0.0,0.0
1956,0.0,0.0,0.0,0.0
1957,0.0,0.0,0.0,0.0
1958,0.0,0.0,0.0,0.0
1959,0.0,0.0,0.0,0.0
1960,0.0,0.0,0.0,0.0
1961,0.0,0.0,0.0,0.0
1962,0.0,0.0,0.0,0.0
1963,0.0,0.0,0.0,0.0
1964,0.0,0.0,0.0,0.0
1965,0.0,0.0,0.0,0.0
1966,0.0,0.0,0.0,0.0
1967,0.0,0.0,0.0,0.0
1968,0.0,0.0,0.0,0.0
1969,0.0,0.0,0.0,0.0
1970,0.0,0.0,0.0,0.0
1971,0.0,0.0,0.0,0.0
1972,0.0,0.0,0.0,0.0
1973,0.0,0.0,0.0,0.0
1974,0.0,0.0,0.0,0.0
1975,0.0,0.0,0.0,0.0
1976,0.0,0.0,0.0,0.0
1977,0.0,0.0,0.0,0.0
1978,0.0,0.0,0.0,0.0
1979,0.0,0.0,0.0,0.0
1980,0.0,0.0,0.0,0.0
1981,0.0,0.0,0.0,0.0
1982,0.0,0.0,0.0,0.0
1983,0.0,0.0,0.0,0.0
1984,0.0,0.0,0.0,0.0
1985,0.0,0.0,0.0,0.0
1986,0.0,0.0,0.0,0.0
1987,0.0,0.0,0.0,0.0
1988,0.0,0.0,0.0,0.0
1989,0.0,0.0,0.0,0.0
1990,0.0,0.0,0.0,0.0
1991,0.0,0.0,0.0,0.0
1992,0.0,0.0,0.0,0.0
1993,0.0,0.0,0.0,0.0
1994,0.0,0.0,0.0,0.0
1995,0.0,0.0,0.0,0.0
1996,0.0,0.0,0.0,0.0
1997,0.0,0.0,0.0,0.0
1998,0.0,0.0,0.0,0.0
1999,0.0,0.0,0.0,0.0
